#MinuteInterval:
15

#DaysPerCycle:
7

#FlagCyclical: yes or no
yes

#Requirements:
4 4 4 4 4 4 4 4 4 4 4 4 4 4 4 4 4 4 4 4 7 3 4 4 4 4 4 4 4 4 4 4 4 4 4 4 4 4 4 4 6 6 6 6 11 11 11 11 11 11 11 11 11 11 11 8 7 7 7 7 7 7 7 7 7 7 7 7 7 7 7 7 7 7 5 5 5 5 5 0 0 0 0 0 0 0 0 4 4 4 4 4 4 4 4 4 4 4 4 4 4 4 4 4 4 4 4 4 4 4 4 4 4 4 4 4 7 3 4 4 4 4 4 4 4 4 4 4 4 4 4 4 4 4 9 9 11 11 11 11 16 16 16 16 16 16 16 16 16 16 16 13 12 12 12 12 12 12 12 12 12 12 7 7 7 7 7 7 7 7 5 5 5 5 5 0 0 0 0 0 0 0 0 4 4 4 4 4 4 4 4 4 4 4 4 4 4 4 4 4 4 4 4 4 4 4 4 4 4 4 4 4 7 3 4 4 4 4 4 4 4 4 4 4 4 4 4 4 4 4 4 4 6 6 6 6 11 11 11 11 11 11 11 11 11 11 11 8 7 7 7 7 7 7 7 7 7 7 7 7 7 7 7 7 7 7 5 5 5 5 5 0 0 0 0 0 0 0 0 4 4 4 4 4 4 4 4 4 4 4 4 4 4 4 4 4 4 4 4 4 4 4 4 4 4 4 4 4 7 3 4 4 4 4 4 4 4 4 4 4 4 4 4 4 4 4 4 4 6 6 6 6 11 11 11 11 11 11 11 11 11 11 11 8 7 7 7 7 7 7 7 7 7 7 7 7 7 7 7 7 7 7 5 5 5 5 5 0 0 0 0 0 0 0 0 4 4 4 4 4 4 4 4 4 4 4 4 4 4 4 4 4 4 4 4 4 4 4 4 4 4 4 4 4 7 3 4 4 4 4 4 4 4 4 4 4 4 4 4 4 4 4 7 7 12 12 12 12 17 17 17 17 17 17 17 17 17 17 17 14 13 13 13 13 13 13 13 13 13 13 10 10 10 10 10 10 10 10 5 5 5 5 5 0 0 0 0 0 0 0 0 4 4 4 4 4 4 4 4 4 4 4 4 4 4 4 4 4 4 4 4 4 4 4 4 4 4 4 4 4 7 3 4 4 4 4 4 4 4 4 4 4 4 4 4 4 4 4 4 8 12 12 12 12 17 17 17 17 17 17 17 17 17 17 17 14 13 13 13 13 13 13 13 13 13 13 13 13 13 9 9 9 9 9 5 5 5 5 5 0 0 0 0 0 0 0 0 0 0 0 0 0 0 0 0 0 0 0 0 0 0 0 0 0 0 0 0 0 0 0 0 0 0 0 0 0 3 3 4 4 4 4 4 4 4 4 4 4 4 4 4 4 4 4 4 8 12 12 12 12 17 17 17 17 17 17 17 17 17 17 17 14 13 13 13 13 13 13 13 13 13 13 13 13 13 9 9 9 9 9 5 5 5 5 5 0 0 0 0 0 0 0 0 4 4 4 4 4 4 4 4 4

#Number of shift templates
4

#Shift templates
#Abbr, Full name, Start, + Minutes,  -Minutes, Length, +Minutes, -Minutes, available days
F Frühschicht 6:0 120 60 480 60 60 *
T Tagschicht 10:0 60 60 480 60 60 *
S Spätschicht 14:0 60 60 480 60 60 *
N Nachtschicht 22:0 60 60 480 60 60 *

#Duties per week: Lower limit, Upper limit
3 5

# Average number of hours per week
 38.5

# Weights about the criteria
#UnderCover:
1

#Overcover:
1

#DutiesPerWeek:
1000

#Shifts:
15

#Fitness of assumed optimal Solution:
# 105

#Optimal Solution:
#Shift Start Length Duties:
# 1:  5:0    525       3  3  3  3  3  3  3
# 2:  5:30    510       1  1  1  1  1  1  1
# 3:  11:0    525       5  5  5  5  5  5  5
# 4:  10:0    510       2  2  2  2  5  4  4
# 5:  9:30    420       0  5  0  0  3  0  0
# 6:  9:45    450       0  0  0  0  0  4  4
# 7:  21:45    450       4  4  4  4  4  0  4
