#MinuteInterval:
15

#DaysPerCycle:
7

#FlagCyclical: yes or no
yes

#Requirements:
18 18 18 18 18 18 18 18 18 18 18 18 18 18 18 18 18 18 18 14 14 11 14 14 15 18 12 13 13 8 8 8 8 8 8 8 9 12 14 14 14 14 14 14 16 16 16 16 16 16 16 16 16 16 13 13 12 12 12 9 8 8 8 8 8 7 7 4 4 4 4 4 4 2 0 0 0 0 0 0 0 0 0 0 0 0 4 4 10 10 15 16 16 16 16 16 16 16 16 16 16 16 16 16 16 16 16 16 16 16 16 16 16 16 16 12 12 11 12 12 13 15 9 10 10 5 5 5 5 5 5 5 6 6 8 8 8 8 8 8 10 10 10 10 10 10 10 10 10 10 9 9 8 8 8 6 5 5 5 5 5 4 4 4 4 4 4 4 4 2 0 0 0 0 0 0 0 0 0 0 0 0 4 4 10 10 15 19 19 19 19 19 19 19 19 19 19 19 19 19 19 19 19 19 19 19 19 19 19 19 19 15 15 14 17 17 18 20 11 15 15 10 10 10 10 10 10 10 11 11 13 13 13 13 13 13 15 15 15 15 15 15 15 15 15 15 12 12 11 11 11 9 5 5 5 5 5 4 4 4 4 4 4 4 4 2 0 0 0 0 0 0 0 0 0 0 0 0 4 4 14 14 19 23 23 23 23 23 23 23 23 23 23 23 23 23 23 23 23 23 23 23 23 23 23 23 23 19 19 14 17 17 18 20 11 12 12 7 7 7 7 7 7 7 8 8 10 10 10 10 10 10 12 12 12 12 12 12 12 12 12 12 9 9 8 8 8 6 5 5 5 5 5 4 4 4 4 4 4 4 4 2 0 0 0 0 0 0 0 0 0 0 0 0 4 4 10 10 15 19 19 19 19 19 19 19 19 19 19 19 19 19 19 19 19 19 19 19 19 19 19 19 19 15 15 14 17 17 18 20 11 12 12 7 7 7 7 7 7 7 8 8 10 10 10 10 10 10 12 12 12 12 12 12 12 12 12 12 9 9 8 8 8 6 5 5 5 5 5 4 4 4 4 4 4 4 4 2 0 0 0 0 0 0 0 0 0 0 0 0 4 4 10 10 15 19 19 19 19 19 19 19 19 19 19 19 19 19 19 19 19 19 19 19 19 19 19 19 19 15 15 14 15 15 19 19 10 15 15 10 10 10 10 10 10 10 11 11 13 13 13 13 13 13 15 15 15 15 15 15 15 15 15 15 14 14 10 10 10 10 5 5 5 5 5 4 4 4 4 4 4 4 4 2 0 0 0 0 0 0 0 0 0 0 0 0 2 2 10 10 15 16 16 16 16 16 16 16 16 16 16 16 16 16 16 16 16 16 16 16 16 16 16 16 16 14 14 11 12 12 16 16 10 15 15 10 10 10 10 10 10 10 11 11 13 13 13 13 13 13 15 15 15 15 15 15 15 15 15 15 14 14 10 10 10 10 5 5 5 5 5 4 4 4 4 4 4 4 4 2 0 0 0 0 0 0 0 0 0 0 0 0 4 4 12 12 17 18 18 18 18 18

#Number of shift templates
4

#Shift templates
#Abbr, Full name, Start, + Minutes,  -Minutes, Length, +Minutes, -Minutes, available days
F Frühschicht 6:0 120 60 480 60 60 *
T Tagschicht 10:0 60 60 480 60 60 *
S Spätschicht 14:0 60 60 480 60 60 *
N Nachtschicht 22:0 60 60 480 60 60 *

#Duties per week: Lower limit, Upper limit
3 5

# Average number of hours per week
 38.5

# Weights about the criteria
#UnderCover:
1

#Overcover:
1

#DutiesPerWeek:
1000

#Shifts:
15

#Fitness of assumed optimal Solution:
# 195

#Optimal Solution:
#Shift Start Length Duties:
# 1:  5:30    480       3  1  3  3  3  1  1
# 2:  6:45    495       1  1  4  1  1  5  5
# 3:  6:0    480       1  1  1  1  1  4  4
# 4:  6:15    510       3  2  2  2  2  0  0
# 5:  9:0    435       1  1  1  1  1  1  1
# 6:  11:0    435       2  2  2  2  2  2  2
# 7:  9:15    450       3  0  0  0  0  0  0
# 8:  9:30    540       2  2  2  2  2  2  2
# 9:  22:0    510       5  5  5  5  5  5  5
# 10:  22:30    525       5  5  5  5  5  5  5
# 11:  22:45    465       1  4  4  4  4  1  1
# 12:  21:30    435       4  4  4  4  4  2  4
# 13:  22:0    435       1  1  5  1  1  3  3
