#MinuteInterval:
15

#DaysPerCycle:
7

#FlagCyclical: yes or no
yes

#Requirements:
14 14 14 14 14 14 14 14 14 14 14 14 14 14 14 14 14 12 12 7 7 7 7 9 6 6 6 5 5 5 5 5 12 12 12 12 12 12 12 12 14 14 14 14 17 17 17 17 17 17 17 17 17 18 18 18 19 19 20 15 15 15 10 10 10 8 8 8 8 8 8 8 6 6 6 6 6 6 3 3 3 3 2 2 1 3 4 5 5 5 10 10 10 9 9 9 9 9 9 9 9 9 9 9 9 9 9 9 9 9 9 9 9 7 7 6 6 6 6 10 9 9 9 5 5 5 5 5 12 12 12 12 12 12 12 12 14 14 14 14 17 17 17 17 17 17 17 17 17 18 18 18 19 19 20 15 15 15 10 10 10 8 8 8 8 8 8 8 6 6 6 6 6 6 3 3 3 3 2 2 1 3 4 5 5 5 10 10 10 9 9 9 9 9 9 9 9 9 9 9 9 9 9 9 9 9 9 9 9 7 7 6 6 6 6 10 9 9 9 5 5 5 5 5 10 10 10 10 10 10 10 10 12 12 12 12 15 15 15 15 15 15 15 15 15 16 16 16 17 17 18 13 13 13 10 10 10 8 8 8 8 8 8 8 6 6 6 6 6 6 3 3 3 3 2 2 1 3 4 7 7 7 12 12 12 11 11 11 11 11 11 11 11 11 11 11 11 11 11 11 11 11 11 11 11 9 9 6 6 6 6 7 6 6 6 2 2 2 2 2 9 9 9 9 9 9 9 9 11 11 11 11 14 14 14 14 14 14 14 14 14 15 15 15 16 16 17 15 15 15 10 10 10 8 8 8 8 8 8 8 6 6 6 6 6 6 3 3 3 3 2 2 1 3 7 8 8 8 13 13 13 12 12 12 12 12 12 12 12 12 12 12 12 12 12 12 12 12 12 12 12 10 10 9 9 9 9 13 9 9 9 5 5 5 5 5 12 12 12 12 12 12 12 12 14 14 14 14 17 17 17 17 17 17 17 17 17 18 18 18 19 19 20 15 15 15 10 10 10 8 8 8 8 8 8 8 6 6 6 6 6 6 3 3 3 3 2 2 1 3 4 5 5 5 10 10 10 9 9 9 9 9 9 9 9 9 9 9 9 9 9 9 9 9 9 9 9 7 7 6 6 6 6 5 4 4 4 0 0 0 0 0 9 9 9 9 9 9 9 9 14 18 18 18 23 23 23 23 23 23 23 23 23 28 28 28 32 32 33 33 33 33 28 28 28 24 24 24 24 24 24 24 19 19 19 19 19 15 10 10 10 10 5 5 1 3 6 10 10 10 12 12 12 11 11 11 11 11 11 11 11 11 11 11 11 11 11 11 11 11 11 11 11 9 9 5 5 5 5 4 1 1 1 0 0 0 0 0 10 10 10 10 10 10 10 10 15 19 19 19 24 24 24 24 24 24 24 24 24 29 29 29 33 33 34 34 34 34 29 29 29 24 24 24 24 24 24 24 19 19 19 19 19 15 10 10 10 10 5 5 1 3 6 11 11 11 15 15 15 14 14 14

#Number of shift templates
4

#Shift templates
#Abbr, Full name, Start, + Minutes,  -Minutes, Length, +Minutes, -Minutes, available days
F Frühschicht 6:0 120 60 480 60 60 *
T Tagschicht 10:0 60 60 480 60 60 *
S Spätschicht 14:0 60 60 480 60 60 *
N Nachtschicht 22:0 60 60 480 60 60 *

#Duties per week: Lower limit, Upper limit
3 5

# Average number of hours per week
 38.5

# Weights about the criteria
#UnderCover:
1

#Overcover:
1

#DutiesPerWeek:
1000

#Shifts:
15

#Fitness of assumed optimal Solution:
# 210

#Optimal Solution:
#Shift Start Length Duties:
# 1:  8:0    495       2  2  2  2  2  4  5
# 2:  5:45    540       5  5  5  2  5  0  0
# 3:  8:0    450       5  5  3  5  5  5  5
# 4:  10:0    480       2  2  2  2  2  5  5
# 5:  10:15    540       0  0  0  0  0  4  4
# 6:  11:0    510       3  3  3  3  3  5  5
# 7:  13:15    435       1  1  1  1  1  5  5
# 8:  14:30    525       1  1  1  1  1  1  1
# 9:  14:0    420       1  1  1  1  1  4  4
# 10:  13:0    480       0  0  0  0  0  0  0
# 11:  22:30    435       1  1  1  1  1  1  3
# 12:  21:15    420       2  2  2  2  2  2  2
# 13:  21:45    420       1  1  3  1  1  4  5
# 14:  22:30    495       4  4  4  4  4  1  1
# 15:  21:30    510       1  1  1  4  1  3  3
