#MinuteInterval:
30

#DaysPerCycle:
7

#FlagCyclical: yes or no
yes

#Requirements:
10 10 10 10 10 10 10 10 10 10 10 6 6 6 6 8 4 4 9 13 13 13 18 18 18 17 22 22 26 26 24 24 19 15 15 15 15 10 10 10 10 10 14 12 8 6 10 10 10 10 10 10 10 10 10 10 10 10 10 6 6 6 6 8 4 4 6 8 8 8 13 13 13 12 17 17 21 21 19 19 17 15 15 15 15 10 10 10 10 10 14 12 8 6 10 10 10 10 10 10 10 10 10 10 10 10 10 6 6 6 6 8 4 4 9 13 13 13 18 18 18 17 22 22 26 26 24 24 19 15 15 15 15 10 10 10 10 10 11 9 5 3 7 7 7 7 7 7 7 7 7 7 7 7 7 6 6 6 6 8 4 4 9 13 13 13 18 18 18 17 22 22 26 26 24 24 19 15 15 15 15 10 10 10 10 10 14 12 8 6 10 10 10 10 10 10 10 10 10 10 10 10 10 6 6 6 6 8 4 4 9 13 13 13 18 18 18 17 22 22 26 26 24 24 19 15 15 15 15 10 10 10 10 10 14 12 8 6 10 10 10 10 10 10 10 10 10 10 10 10 10 9 9 9 9 11 7 7 10 14 14 14 19 19 19 15 20 20 28 28 26 26 23 19 19 19 19 14 14 14 14 14 14 12 8 6 10 10 10 10 10 10 10 10 10 10 10 10 10 9 9 9 9 11 7 7 10 14 14 14 19 19 19 15 20 20 30 30 28 28 25 21 21 21 21 16 16 16 16 16 16 12 8 6 10 10

#Number of shift templates
4

#Shift templates
#Abbr, Full name, Start, + Minutes,  -Minutes, Length, +Minutes, -Minutes, available days
F Frühschicht 6:0 120 60 480 60 60 *
T Tagschicht 10:0 60 60 480 60 60 *
S Spätschicht 14:0 60 60 480 60 60 *
N Nachtschicht 22:0 60 60 480 60 60 *

#Duties per week: Lower limit, Upper limit
3 5

# Average number of hours per week
 38.5

# Weights about the criteria
#UnderCover:
1

#Overcover:
1

#DutiesPerWeek:
1000

#Shifts:
30

#Fitness of assumed optimal Solution:
# 390

#Optimal Solution:
#Shift Start Length Duties:
# 1:  5:30    510       1  1  1  1  1  1  1
# 2:  5:30    420       1  1  1  1  1  4  4
# 3:  7:30    450       2  2  2  2  2  2  2
# 4:  10:0    540       0  0  0  0  0  0  0
# 5:  9:30    420       4  2  4  4  4  4  4
# 6:  9:0    420       5  2  5  5  5  3  3
# 7:  11:0    450       5  5  5  5  5  5  5
# 8:  14:0    450       2  2  2  2  2  2  4
# 9:  13:0    540       5  5  5  5  5  5  5
# 10:  14:0    510       2  2  2  2  2  2  2
# 11:  14:0    420       1  1  1  1  1  5  5
# 12:  15:0    450       0  0  0  0  0  0  0
# 13:  21:0    510       5  5  2  5  5  5  5
# 14:  23:0    540       4  4  4  4  4  4  4
# 15:  22:0    450       1  1  1  1  1  1  1
