#MinuteInterval:
30

#DaysPerCycle:
7

#FlagCyclical: yes or no
yes

#Requirements:
10 10 10 10 10 10 10 10 10 10 10 10 14 8 16 18 18 18 19 19 19 21 26 26 26 26 32 27 27 19 19 19 15 15 15 15 14 12 12 7 3 3 3 8 6 7 7 6 6 6 6 6 6 6 6 6 6 6 6 6 10 8 16 18 18 18 19 19 19 21 26 26 26 26 30 25 25 17 17 17 13 13 13 13 12 10 10 5 1 1 1 6 6 7 7 6 6 6 6 6 6 6 6 6 6 6 6 6 10 8 16 18 18 18 19 19 19 21 26 26 26 26 30 25 25 17 17 17 13 13 13 13 12 10 10 5 1 1 1 6 11 12 12 11 11 11 11 11 11 11 11 11 11 11 11 11 15 8 16 18 18 18 19 19 19 21 26 26 26 26 30 25 25 17 17 17 13 13 13 13 12 10 10 5 1 1 1 6 6 7 7 6 6 6 6 6 6 6 6 6 6 6 6 6 10 8 16 18 18 18 19 19 19 21 26 26 26 26 30 25 25 17 17 17 13 13 13 13 12 10 10 5 1 1 1 6 6 7 7 6 6 6 6 6 6 6 6 6 6 6 6 6 10 9 13 18 18 18 21 21 21 22 23 23 23 23 28 23 23 11 11 11 11 11 11 11 8 7 7 6 1 1 1 6 10 11 11 10 10 10 10 10 10 10 10 10 10 10 10 10 10 5 9 14 14 14 16 16 16 17 18 18 18 18 21 20 20 8 8 8 8 8 8 8 6 5 5 4 1 1 1 6 10 11 11 10

#Number of shift templates
4

#Shift templates
#Abbr, Full name, Start, + Minutes,  -Minutes, Length, +Minutes, -Minutes, available days
F Frühschicht 6:0 120 60 480 60 60 *
T Tagschicht 10:0 60 60 480 60 60 *
S Spätschicht 14:0 60 60 480 60 60 *
N Nachtschicht 22:0 60 60 480 60 60 *

#Duties per week: Lower limit, Upper limit
3 5

# Average number of hours per week
 38.5

# Weights about the criteria
#UnderCover:
1

#Overcover:
1

#DutiesPerWeek:
1000

#Shifts:
30

#Fitness of assumed optimal Solution:
# 420

#Optimal Solution:
#Shift Start Length Duties:
# 1:  7:0    540       4  4  4  4  4  0  0
# 2:  7:30    420       2  2  2  2  2  5  5
# 3:  6:30    480       3  3  3  3  3  4  4
# 4:  6:0    450       5  5  5  5  5  5  1
# 5:  7:0    450       4  4  4  4  4  4  4
# 6:  10:30    480       2  2  2  2  2  1  1
# 7:  11:0    510       5  5  5  5  5  1  1
# 8:  9:0    540       1  1  1  1  1  3  2
# 9:  9:30    540       0  0  0  0  0  0  0
# 10:  13:0    540       2  0  0  0  0  0  0
# 11:  13:0    420       4  4  4  4  4  5  3
# 12:  14:30    540       1  1  1  1  1  1  1
# 13:  22:0    510       0  0  5  0  0  4  4
# 14:  21:30    540       5  5  5  5  5  5  5
# 15:  22:30    450       1  1  1  1  1  1  1
# 16:  23:0    450       0  0  0  0  0  0  0
