#MinuteInterval:
15

#DaysPerCycle:
7

#FlagCyclical: yes or no
yes

#Requirements:
15 15 15 15 15 15 15 15 15 15 15 15 15 15 15 15 15 10 10 10 10 10 10 6 11 11 8 8 5 5 5 5 5 5 5 5 5 5 5 8 8 8 8 13 13 13 13 13 13 13 13 13 10 10 10 10 10 10 12 14 14 14 14 14 14 14 14 14 14 14 14 14 14 14 13 10 10 10 6 6 6 6 6 4 8 13 13 9 9 10 10 13 13 13 13 13 13 13 13 13 13 13 13 13 13 13 13 13 13 13 13 13 13 8 8 8 8 8 8 4 9 9 8 8 5 5 5 5 5 5 5 5 5 5 5 9 9 9 9 14 14 14 14 14 14 14 14 14 10 10 10 10 10 10 12 14 14 14 14 14 14 14 14 14 14 14 14 14 14 14 13 9 9 9 5 5 5 5 5 4 8 13 13 9 9 10 10 13 13 13 13 13 13 13 13 13 13 13 13 13 13 13 13 13 13 13 13 13 13 8 8 8 8 8 8 4 9 9 8 8 5 5 5 5 5 5 5 5 5 5 5 8 8 8 8 13 13 13 13 13 13 13 13 13 10 10 10 10 10 10 12 14 14 14 14 14 14 14 14 14 14 14 14 14 14 14 13 10 10 10 6 6 6 6 6 4 9 14 14 10 10 11 11 14 14 14 14 14 14 14 14 14 14 14 14 14 14 14 14 14 14 14 14 14 14 9 9 9 9 9 9 4 9 9 8 8 5 5 5 5 5 5 5 5 5 5 5 9 9 9 9 14 14 14 14 14 14 14 14 14 11 11 11 11 11 11 13 15 15 15 15 15 15 15 15 15 15 15 15 15 15 15 14 10 10 10 6 6 6 6 6 4 8 13 13 9 9 10 10 13 13 13 13 13 13 13 13 13 13 13 13 13 13 13 13 13 13 13 13 13 13 8 8 8 8 8 8 4 5 5 4 4 1 1 1 1 1 1 1 1 1 1 1 7 7 7 7 12 12 12 12 12 12 12 12 12 13 13 13 13 13 13 15 17 17 17 17 17 17 17 17 17 17 15 15 15 15 15 14 10 10 10 6 6 6 6 6 4 8 13 13 9 9 10 10 13 13 13 13 13 13 13 13 13 13 13 13 13 13 13 13 13 13 13 13 13 13 8 8 8 8 8 8 4 6 6 5 5 2 2 2 2 2 2 2 2 2 2 2 8 8 8 8 17 17 17 17 17 17 17 17 17 17 17 17 17 17 17 22 27 27 27 27 27 27 27 27 27 27 26 26 26 26 26 21 16 16 16 12 12 12 12 12 10 14 19 19 9 9 12 12 15 15 15 15 15 15 15 15 15 15 15 15 15 15 15 15 15 15 15 15 15 15 10 10 10 10 10 10 6 8 8 5 5 2 2 2 2 2 2 2 2 2 2 2 8 8 8 8 17 17 17 17 17 17 17 17 17 17 17 17 17 17 17 22 24 24 24 24 24 24 24 24 24 24 23 23 23 23 23 18 13 13 13 9 9 9 9 9 7 11 16 16 9 9 12 12 15 15 15 15 15

#Number of shift templates
4

#Shift templates
#Abbr, Full name, Start, + Minutes,  -Minutes, Length, +Minutes, -Minutes, available days
F Frühschicht 6:0 120 60 480 60 60 *
T Tagschicht 10:0 60 60 480 60 60 *
S Spätschicht 14:0 60 60 480 60 60 *
N Nachtschicht 22:0 60 60 480 60 60 *

#Duties per week: Lower limit, Upper limit
3 5

# Average number of hours per week
 38.5

# Weights about the criteria
#UnderCover:
1

#Overcover:
1

#DutiesPerWeek:
1000

#Shifts:
15

#Fitness of assumed optimal Solution:
# 180

#Optimal Solution:
#Shift Start Length Duties:
# 1:  6:0    420       5  5  5  5  1  2  2
# 2:  7:0    480       0  0  0  0  0  0  0
# 3:  10:45    525       4  4  4  4  4  4  4
# 4:  9:45    540       3  4  3  4  4  5  5
# 5:  9:45    450       0  0  0  0  2  1  1
# 6:  10:45    465       1  1  1  1  1  5  5
# 7:  14:30    435       2  2  2  2  2  5  5
# 8:  13:0    465       2  1  2  2  2  2  2
# 9:  14:45    420       2  2  2  2  2  5  2
# 10:  13:15    450       0  0  0  0  0  0  0
# 11:  22:45    495       3  3  3  3  3  3  3
# 12:  22:15    495       1  1  1  1  1  3  3
# 13:  21:15    420       5  5  5  5  5  5  5
# 14:  21:0    525       4  4  5  4  4  4  4
