#MinuteInterval:
15

#DaysPerCycle:
7

#FlagCyclical: yes or no
yes

#Requirements:
9 9 9 9 9 9 9 9 9 9 9 9 9 9 9 9 9 9 9 9 9 9 9 9 7 6 6 11 11 10 5 5 5 5 5 5 5 5 8 8 8 12 12 13 13 13 13 13 13 13 13 13 13 13 13 13 8 12 12 12 17 17 17 17 17 17 17 17 17 17 11 11 11 11 10 10 10 10 9 9 9 9 9 9 9 9 9 9 9 2 2 6 6 6 6 6 6 6 6 6 6 6 6 6 6 6 6 6 6 6 6 6 6 6 6 6 6 6 6 6 4 3 3 8 8 6 5 5 5 5 5 5 5 5 8 8 8 12 12 13 13 13 13 13 13 13 13 13 13 13 13 13 8 12 12 12 13 13 13 13 13 13 13 13 13 13 7 7 7 7 6 6 6 6 5 5 5 5 5 5 5 5 5 5 5 2 2 6 6 6 6 6 6 6 6 6 6 6 6 6 6 6 6 6 6 6 6 6 6 6 6 6 6 6 6 6 4 3 3 8 8 6 5 5 5 5 5 5 5 5 8 8 8 12 12 13 13 13 13 13 13 13 13 13 13 13 13 13 8 12 12 12 17 17 17 17 17 17 17 17 17 17 11 11 11 11 10 10 10 10 9 9 9 9 9 9 9 9 9 9 9 2 2 6 6 6 6 6 6 6 6 6 6 6 6 6 6 6 6 6 6 6 6 6 6 6 6 6 6 6 6 6 4 3 3 8 8 6 5 5 5 5 5 5 5 5 10 10 10 15 15 16 16 16 16 16 16 16 16 16 16 16 16 16 11 15 15 15 20 20 20 20 20 20 20 20 20 20 11 11 11 11 10 10 10 10 9 9 9 9 9 9 9 9 9 9 9 2 2 6 6 6 6 6 6 6 6 6 6 6 6 6 6 6 6 6 6 6 6 6 6 6 6 6 6 6 6 6 4 3 3 8 8 6 5 5 5 5 5 5 5 5 8 8 8 12 12 13 13 13 13 13 13 13 13 13 13 13 13 13 8 12 12 12 17 17 17 17 17 17 17 17 17 17 11 11 11 11 10 10 10 10 9 9 9 9 9 9 9 9 9 9 9 2 2 6 6 6 6 6 6 6 6 6 6 6 6 6 6 6 6 6 6 6 6 6 6 6 6 6 6 6 6 6 4 3 3 4 4 2 1 1 1 1 1 1 1 1 11 11 11 13 13 16 16 16 16 16 16 16 16 16 16 16 16 16 15 17 17 17 20 20 20 20 20 20 20 20 20 20 13 13 11 11 6 6 6 6 5 5 5 5 5 5 5 5 5 5 5 2 2 9 9 9 9 9 9 9 9 9 9 9 9 9 9 9 9 9 9 9 9 9 9 9 9 9 9 9 9 9 7 6 6 7 7 6 1 1 1 1 1 1 1 1 11 11 11 13 13 16 16 16 16 16 16 16 16 16 16 16 16 16 15 17 17 17 20 20 20 20 20 20 20 20 20 20 13 13 11 11 6 6 6 6 5 5 5 5 5 5 5 5 5 5 5 2 2 9 9 9 9 9

#Number of shift templates
4

#Shift templates
#Abbr, Full name, Start, + Minutes,  -Minutes, Length, +Minutes, -Minutes, available days
F Frühschicht 6:0 120 60 480 60 60 *
T Tagschicht 10:0 60 60 480 60 60 *
S Spätschicht 14:0 60 60 480 60 60 *
N Nachtschicht 22:0 60 60 480 60 60 *

#Duties per week: Lower limit, Upper limit
3 5

# Average number of hours per week
 38.5

# Weights about the criteria
#UnderCover:
1

#Overcover:
1

#DutiesPerWeek:
1000

#Shifts:
15

#Fitness of assumed optimal Solution:
# 180

#Optimal Solution:
#Shift Start Length Duties:
# 1:  6:45    435       5  5  5  5  5  1  1
# 2:  9:30    540       1  1  1  1  1  5  5
# 3:  10:15    435       4  4  4  5  4  2  2
# 4:  10:45    525       1  1  1  1  1  1  1
# 5:  9:30    480       2  2  2  4  2  5  5
# 6:  10:45    435       0  0  0  0  0  2  2
# 7:  15:0    435       5  1  5  5  5  3  3
# 8:  14:15    480       4  4  4  4  4  2  2
# 9:  22:15    465       2  2  2  2  2  2  2
# 10:  22:45    450       1  1  1  1  1  1  1
# 11:  22:45    510       2  2  2  2  2  1  1
# 12:  22:45    525       1  1  1  1  1  5  5
