#MinuteInterval:
15

#DaysPerCycle:
7

#FlagCyclical: yes or no
yes

#Requirements:
12 12 12 12 12 12 12 12 12 12 12 12 12 12 12 12 12 10 10 10 10 7 7 6 6 11 10 10 10 10 12 12 14 14 14 14 14 14 19 19 24 24 25 28 28 28 28 28 28 28 28 28 28 28 23 23 27 29 29 29 29 29 29 29 24 24 17 17 15 15 15 15 15 14 14 14 6 6 6 6 6 6 6 6 6 11 11 16 17 17 13 18 18 16 16 16 16 16 16 16 16 16 16 16 16 16 16 16 16 16 16 16 16 11 11 11 11 10 10 6 6 11 10 10 10 10 12 12 15 15 15 15 15 15 17 17 22 22 23 27 27 27 27 27 27 27 27 27 27 27 22 22 26 26 26 26 26 26 26 26 21 21 17 17 14 14 14 14 14 13 13 13 4 4 4 4 4 4 4 4 4 9 9 14 15 15 11 15 15 15 15 15 15 15 15 15 15 15 15 15 15 15 15 15 15 15 15 15 15 10 10 10 10 9 9 5 5 10 9 9 9 10 12 12 15 15 15 15 15 15 20 20 25 25 26 30 30 30 30 30 30 30 30 30 30 30 25 25 29 29 29 29 29 29 29 29 24 24 17 17 14 14 14 14 14 13 13 13 4 4 4 4 4 4 4 4 4 9 9 14 15 15 11 16 16 16 16 16 16 16 16 16 16 16 16 16 16 16 16 16 16 16 16 16 16 11 11 11 11 10 10 6 6 7 6 6 6 6 8 8 11 11 11 11 11 11 16 16 21 21 22 26 26 26 26 26 26 26 26 26 26 26 25 25 29 29 29 29 29 29 29 29 24 24 17 17 14 14 14 14 14 13 13 13 4 4 4 4 4 4 4 4 4 9 9 14 15 15 11 16 16 16 16 16 16 16 16 16 16 16 16 16 16 16 16 16 16 16 16 16 16 11 11 11 11 10 10 6 6 11 10 10 10 10 14 14 17 17 17 17 17 17 22 22 27 27 28 28 28 28 28 28 28 28 28 28 28 28 23 23 27 29 29 29 29 29 29 29 24 24 15 15 12 12 12 12 12 11 11 11 6 6 6 6 6 6 6 6 6 11 11 16 17 17 13 18 18 16 16 16 16 16 16 16 16 16 16 16 16 16 16 16 16 16 16 16 16 11 11 11 11 10 13 9 9 10 9 9 9 8 8 8 11 11 11 11 11 11 16 16 17 17 20 22 22 22 22 22 22 22 22 22 19 19 18 18 23 23 23 28 28 28 28 28 24 24 19 19 16 16 16 16 16 13 13 13 10 10 10 10 10 10 10 10 10 12 12 13 14 14 4 9 9 9 9 9 9 9 9 9 9 9 9 9 9 9 9 9 9 9 9 9 9 7 7 7 7 7 10 9 9 10 9 9 9 9 9 9 12 12 12 12 12 12 17 17 18 18 21 23 23 23 23 23 23 23 23 23 20 20 19 19 21 26 26 31 31 31 31 31 26 26 21 21 18 18 18 18 18 15 15 15 12 12 12 12 12 12 12 12 12 14 14 18 19 19 12 17 17 12 12 12

#Number of shift templates
4

#Shift templates
#Abbr, Full name, Start, + Minutes,  -Minutes, Length, +Minutes, -Minutes, available days
F Frühschicht 6:0 120 60 480 60 60 *
T Tagschicht 10:0 60 60 480 60 60 *
S Spätschicht 14:0 60 60 480 60 60 *
N Nachtschicht 22:0 60 60 480 60 60 *

#Duties per week: Lower limit, Upper limit
3 5

# Average number of hours per week
 38.5

# Weights about the criteria
#UnderCover:
1

#Overcover:
1

#DutiesPerWeek:
1000

#Shifts:
15

#Fitness of assumed optimal Solution:
# 255

#Optimal Solution:
#Shift Start Length Duties:
# 1:  6:15    435       5  5  5  1  5  1  1
# 2:  7:30    540       2  2  2  2  4  0  0
# 3:  7:15    525       5  5  5  5  5  4  5
# 4:  8:0    540       2  3  3  3  3  3  3
# 5:  5:30    450       0  0  0  0  0  3  3
# 6:  10:30    465       1  1  1  1  1  3  3
# 7:  9:30    420       5  2  5  5  5  5  5
# 8:  10:45    495       3  4  4  4  0  2  2
# 9:  10:0    540       5  5  5  5  5  1  1
# 10:  14:0    510       4  4  4  4  4  5  2
# 11:  14:45    465       0  0  0  0  0  5  5
# 12:  14:15    540       2  0  0  0  2  0  5
# 13:  21:45    450       1  1  1  1  1  0  3
# 14:  22:0    510       1  1  1  1  1  1  1
# 15:  21:45    480       4  4  4  4  4  1  1
# 16:  21:15    420       5  5  5  5  5  2  2
# 17:  22:45    510       5  4  5  5  5  5  5
