#MinuteInterval:
15

#DaysPerCycle:
7

#FlagCyclical: yes or no
yes

#Requirements:
12 12 12 12 12 12 12 12 12 12 12 12 12 12 12 12 12 12 8 8 8 10 10 11 11 8 8 3 3 3 4 4 4 4 4 4 8 8 8 8 11 15 15 15 15 15 15 15 15 13 13 13 13 12 14 14 16 16 16 15 18 18 18 18 18 18 18 18 18 10 7 7 7 7 7 7 7 7 7 7 7 7 7 7 6 6 10 10 10 10 8 8 10 10 10 10 10 10 10 10 10 10 10 10 10 10 10 10 10 10 10 10 10 10 9 9 9 11 11 12 12 8 8 3 3 3 4 4 4 4 4 4 8 8 8 8 11 15 15 15 15 15 15 15 15 13 13 13 13 12 16 16 18 18 18 17 20 20 20 20 20 20 20 20 20 12 9 9 9 9 9 9 9 9 9 9 9 9 9 9 8 8 11 11 11 11 7 7 9 9 9 9 9 9 9 9 9 9 9 9 9 9 9 9 9 9 9 9 9 9 8 8 8 10 10 11 11 8 8 3 3 3 4 4 4 4 4 4 8 8 8 8 11 15 15 15 15 15 15 15 15 13 13 13 13 12 16 16 18 18 18 17 20 20 20 20 20 20 20 20 20 12 9 9 9 9 9 9 9 9 9 9 9 9 9 9 8 8 11 11 11 11 7 7 9 9 9 9 9 9 9 9 9 9 9 9 9 9 9 9 9 9 9 9 9 9 8 8 8 10 10 11 11 8 8 3 3 3 4 4 4 4 4 4 8 8 8 8 11 15 15 15 15 15 15 15 15 13 13 13 13 12 18 18 19 19 19 18 21 21 21 21 21 21 21 21 21 13 10 10 10 10 10 10 10 10 10 10 10 10 10 10 10 10 11 11 11 11 7 7 9 9 9 9 9 9 9 9 9 9 9 9 9 9 9 9 9 9 9 9 9 9 8 8 8 10 10 11 11 8 8 3 3 3 4 4 4 4 4 4 8 8 8 8 10 14 14 14 14 14 14 14 14 12 12 12 12 11 15 15 17 17 17 16 19 19 19 19 19 19 19 19 19 11 9 9 9 9 9 9 9 9 9 9 9 9 9 9 8 8 11 11 11 11 8 8 10 10 10 10 10 10 10 10 10 10 10 10 10 10 10 10 10 10 10 10 10 10 9 9 9 11 11 14 14 11 11 6 6 6 7 7 7 7 7 7 11 11 11 11 13 15 15 15 15 15 15 15 15 13 13 13 13 9 11 11 17 17 17 16 18 18 18 18 18 18 18 18 18 12 10 10 10 10 10 10 10 10 10 10 10 10 10 10 10 10 13 13 13 9 7 7 10 10 10 10 10 10 10 10 10 10 10 10 10 10 10 10 10 10 10 10 10 10 8 8 8 10 10 14 14 11 11 6 6 6 7 7 7 7 7 7 11 11 11 11 13 15 15 15 15 15 15 15 15 13 13 13 13 9 11 11 17 17 17 16 18 18 18 18 18 18 18 18 18 12 10 10 10 10 10 10 10 10 10 10 10 10 10 10 12 12 15 15 15 11 9 9 12 12 12 12

#Number of shift templates
4

#Shift templates
#Abbr, Full name, Start, + Minutes,  -Minutes, Length, +Minutes, -Minutes, available days
F Frühschicht 6:0 120 60 480 60 60 *
T Tagschicht 10:0 60 60 480 60 60 *
S Spätschicht 14:0 60 60 480 60 60 *
N Nachtschicht 22:0 60 60 480 60 60 *

#Duties per week: Lower limit, Upper limit
3 5

# Average number of hours per week
 38.5

# Weights about the criteria
#UnderCover:
1

#Overcover:
1

#DutiesPerWeek:
1000

#Shifts:
15

#Fitness of assumed optimal Solution:
# 225

#Optimal Solution:
#Shift Start Length Duties:
# 1:  5:30    540       0  0  0  0  0  0  0
# 2:  7:30    435       1  1  1  1  1  1  1
# 3:  5:15    420       2  2  2  2  2  2  2
# 4:  5:45    450       1  1  1  1  1  4  4
# 5:  9:0    495       4  4  4  4  4  4  4
# 6:  10:0    450       3  3  3  3  2  2  2
# 7:  10:15    420       4  4  4  4  4  2  2
# 8:  14:0    420       2  2  2  1  2  2  2
# 9:  14:0    495       0  0  0  0  0  4  4
# 10:  15:0    480       3  3  3  3  3  2  2
# 11:  13:30    540       2  4  4  4  4  2  2
# 12:  13:30    480       0  0  0  2  0  0  0
# 13:  23:0    465       5  5  5  5  5  5  5
# 14:  22:30    435       0  0  0  0  1  0  0
# 15:  21:30    525       4  3  3  3  3  3  3
# 16:  21:0    450       1  1  1  1  1  2  4
