#MinuteInterval:
15

#DaysPerCycle:
7

#FlagCyclical: yes or no
yes

#Requirements:
5 5 5 5 5 5 5 5 5 5 5 5 5 5 5 5 5 5 5 5 5 2 2 2 5 3 3 3 3 3 3 3 3 3 3 3 7 7 7 7 7 7 10 10 11 11 11 11 11 11 11 11 11 8 8 8 8 8 8 8 8 8 8 8 8 8 8 8 8 8 8 4 4 4 4 3 0 0 0 0 0 0 0 0 4 4 4 5 5 5 5 5 5 5 5 5 5 5 5 5 5 5 5 5 5 5 5 5 5 5 5 5 5 5 5 5 5 1 1 1 5 4 4 4 4 4 4 4 4 4 4 4 8 8 8 8 8 8 10 10 14 14 14 14 14 14 14 14 14 10 10 10 10 10 10 10 10 10 10 10 10 10 10 10 10 10 10 6 6 6 6 2 0 0 0 0 0 0 0 0 5 5 5 6 6 6 6 6 6 6 6 6 6 6 6 6 6 6 6 6 6 6 6 6 6 6 6 6 6 6 6 6 6 1 1 1 5 4 4 4 4 4 4 4 4 4 4 4 8 8 8 8 8 8 11 11 12 12 12 12 12 12 12 12 12 8 8 8 8 8 8 8 8 8 8 8 8 8 8 8 8 8 8 4 4 4 4 3 0 0 0 0 0 0 0 0 4 4 4 5 5 5 5 5 5 5 5 5 5 5 5 5 5 5 5 5 5 5 5 5 5 5 5 5 5 5 5 5 5 1 1 1 4 3 3 3 3 3 3 3 3 3 3 3 7 7 7 7 7 7 9 9 10 10 10 10 10 10 10 10 10 7 7 7 7 7 7 7 7 7 7 7 7 7 7 7 7 7 7 3 3 3 3 2 0 0 0 0 0 0 0 0 4 4 4 5 5 5 5 5 5 5 5 5 5 5 5 5 5 5 5 5 5 5 5 5 5 5 5 5 5 5 5 5 5 1 1 1 4 3 3 3 3 3 3 3 3 3 3 3 7 7 7 7 7 7 9 9 10 10 10 10 10 10 10 10 10 7 7 7 7 7 7 7 7 7 7 7 7 7 7 7 7 7 7 3 3 3 3 2 0 0 0 0 0 0 0 0 4 4 4 5 5 5 5 5 5 5 5 5 5 5 5 5 5 5 5 5 5 5 5 5 5 5 5 5 5 5 5 5 5 1 1 1 1 0 0 0 0 0 0 0 0 0 0 0 5 5 5 5 5 5 8 8 12 12 12 12 12 12 12 12 12 12 12 12 12 12 12 12 12 12 12 12 12 12 12 12 12 12 12 7 7 7 7 3 0 0 0 0 0 0 0 0 3 3 3 5 5 5 5 5 5 5 5 5 5 5 5 5 5 5 5 5 5 5 5 5 5 5 5 5 5 5 5 5 5 2 2 2 2 0 0 0 0 0 0 0 0 0 0 0 5 5 5 5 5 5 8 8 12 12 12 12 12 12 12 12 12 12 12 12 12 12 12 12 12 12 12 12 12 12 12 12 12 12 12 7 7 7 7 3 0 0 0 0 0 0 0 0 3 3 3 5 5 5 5 5 5 5 5 5

#Number of shift templates
4

#Shift templates
#Abbr, Full name, Start, + Minutes,  -Minutes, Length, +Minutes, -Minutes, available days
F Frühschicht 6:0 120 60 480 60 60 *
T Tagschicht 10:0 60 60 480 60 60 *
S Spätschicht 14:0 60 60 480 60 60 *
N Nachtschicht 22:0 60 60 480 60 60 *

#Duties per week: Lower limit, Upper limit
3 5

# Average number of hours per week
 38.5

# Weights about the criteria
#UnderCover:
1

#Overcover:
1

#DutiesPerWeek:
1000

#Shifts:
15

#Fitness of assumed optimal Solution:
# 90

#Optimal Solution:
#Shift Start Length Duties:
# 1:  6:0    435       3  4  4  3  3  0  0
# 2:  9:0    525       4  4  4  4  4  5  5
# 3:  10:30    510       3  2  3  2  2  3  3
# 4:  9:45    420       0  0  0  0  0  0  0
# 5:  11:0    465       1  4  1  1  1  4  4
# 6:  21:45    510       1  1  1  1  1  2  2
# 7:  21:0    495       4  5  4  4  4  3  3
