#MinuteInterval:
15

#DaysPerCycle:
7

#FlagCyclical: yes or no
yes

#Requirements:
9 9 9 9 9 9 9 9 9 9 9 9 9 9 9 9 9 9 9 9 9 7 4 4 0 0 0 0 0 0 0 0 3 3 3 3 3 3 3 7 7 12 12 12 12 12 12 12 12 12 12 12 12 12 12 12 12 16 16 21 25 25 22 22 22 22 22 22 22 18 18 13 13 13 13 13 13 13 13 13 13 13 13 13 13 13 18 18 22 22 22 18 18 14 9 9 9 9 9 9 9 9 9 9 9 9 9 9 9 9 9 9 9 9 9 9 9 5 1 1 0 0 0 0 0 0 0 0 3 3 3 3 3 3 3 7 7 12 12 12 12 12 12 12 12 12 12 12 12 12 12 12 12 16 16 21 25 25 22 22 22 22 22 22 22 18 18 13 13 13 13 13 13 13 13 13 13 13 13 13 13 13 17 17 21 21 21 17 17 13 8 8 8 8 8 8 8 8 8 8 8 8 8 8 8 8 8 8 8 8 8 8 8 8 4 4 0 0 0 0 0 0 0 0 3 3 3 3 3 3 3 7 7 12 12 12 12 12 12 12 12 12 12 12 12 12 12 12 12 16 16 21 25 25 22 22 22 22 22 22 22 18 18 13 13 13 13 13 13 13 13 13 13 13 13 13 13 13 17 17 21 21 21 17 17 13 8 8 8 8 8 8 8 8 8 8 8 8 8 8 8 8 8 8 8 8 8 8 8 8 4 4 0 0 0 0 0 0 0 0 3 3 3 3 3 3 3 7 7 12 12 12 12 12 12 12 12 12 12 12 12 12 12 12 12 16 16 21 25 25 22 22 22 22 22 22 22 18 18 13 13 13 13 13 13 13 13 13 13 13 13 13 13 13 17 17 21 21 21 17 17 13 8 8 8 8 8 8 8 8 8 8 8 8 8 8 8 8 8 8 8 8 8 8 8 8 4 4 0 0 0 0 0 0 0 0 3 3 3 3 3 3 3 7 7 12 12 12 12 12 12 12 12 12 12 12 12 12 12 12 12 16 16 21 25 25 22 22 22 22 22 22 22 18 18 13 13 13 13 13 13 13 13 13 13 13 13 13 13 13 17 17 21 21 21 17 17 13 8 8 8 8 8 8 8 8 8 8 8 8 8 8 8 8 8 8 8 8 8 8 8 8 4 4 0 0 0 0 0 0 0 0 3 3 3 3 3 3 3 4 4 9 9 9 9 9 9 9 9 9 9 9 9 9 9 9 9 13 13 16 18 18 15 15 15 15 15 15 15 14 14 9 9 9 9 9 9 9 9 9 9 9 9 9 9 9 15 15 18 18 18 14 14 12 9 9 9 9 9 9 9 9 9 9 9 9 9 9 9 9 9 9 9 9 9 9 9 7 4 4 0 0 0 0 0 0 0 0 3 3 3 3 3 3 3 7 7 12 12 12 12 12 12 12 12 12 12 12 12 12 12 12 12 16 16 21 23 23 20 20 20 20 20 20 20 16 16 11 11 11 11 11 11 11 11 11 11 11 11 11 11 11 17 17 20 20 20 16 16 14 9 9

#Number of shift templates
4

#Shift templates
#Abbr, Full name, Start, + Minutes,  -Minutes, Length, +Minutes, -Minutes, available days
F Frühschicht 6:0 120 60 480 60 60 *
T Tagschicht 10:0 60 60 480 60 60 *
S Spätschicht 14:0 60 60 480 60 60 *
N Nachtschicht 22:0 60 60 480 60 60 *

#Duties per week: Lower limit, Upper limit
3 5

# Average number of hours per week
 38.5

# Weights about the criteria
#UnderCover:
1

#Overcover:
1

#DutiesPerWeek:
1000

#Shifts:
15

#Fitness of assumed optimal Solution:
# 135

#Optimal Solution:
#Shift Start Length Duties:
# 1:  8:0    450       3  3  3  3  3  3  3
# 2:  9:45    450       4  4  4  4  4  1  4
# 3:  10:15    450       5  5  5  5  5  5  5
# 4:  15:0    495       4  4  4  4  4  2  2
# 5:  14:45    525       5  5  5  5  5  3  5
# 6:  14:15    510       4  4  4  4  4  4  4
# 7:  21:30    510       1  4  4  4  4  4  4
# 8:  22:0    450       4  4  4  4  4  3  3
# 9:  21:30    465       4  0  0  0  0  2  2
