#MinuteInterval:
15

#DaysPerCycle:
7

#FlagCyclical: yes or no
yes

#Requirements:
3 3 3 3 3 3 3 3 3 3 3 3 3 3 3 3 3 3 3 3 3 5 5 5 5 5 5 5 2 2 2 5 5 5 5 5 10 10 10 10 10 14 14 15 20 20 20 20 20 20 20 20 20 21 21 21 21 22 22 19 19 19 19 19 19 19 19 19 19 19 19 14 14 14 7 5 5 5 4 4 4 4 4 3 3 3 3 3 2 2 2 2 2 2 2 2 2 2 2 2 2 2 2 2 2 2 2 2 2 2 2 2 2 2 2 2 2 4 4 4 4 4 4 4 2 2 2 5 5 5 5 5 10 10 10 10 10 14 14 15 20 20 20 20 20 20 20 20 20 21 21 21 21 22 22 19 19 19 19 19 19 19 19 19 19 19 19 14 14 14 7 5 5 5 4 4 4 4 4 3 3 3 3 3 2 2 2 2 2 2 2 2 2 2 2 2 2 2 2 2 2 2 2 2 2 2 2 2 2 2 2 2 2 4 4 4 4 4 4 4 2 2 2 5 5 5 5 5 9 9 9 9 9 13 13 14 19 19 19 19 19 19 19 19 19 20 20 20 20 21 21 18 18 18 18 18 18 18 18 18 18 18 18 14 14 14 7 5 5 5 4 4 4 4 4 3 3 3 3 3 5 5 5 5 5 5 5 5 5 5 5 5 5 5 5 5 5 5 5 5 5 5 5 5 5 5 5 5 5 7 7 7 7 7 7 7 2 2 2 5 5 5 5 5 10 10 10 10 10 14 14 15 20 20 20 20 20 20 20 20 20 21 21 21 21 22 22 19 19 19 19 19 19 19 19 19 19 19 19 14 14 14 7 5 5 5 4 4 4 4 4 3 3 3 3 3 0 0 0 0 0 0 0 0 0 0 0 0 0 0 0 0 0 0 0 0 0 0 0 0 0 0 0 0 0 2 2 2 2 2 2 2 2 2 2 5 5 5 5 5 10 10 10 10 10 14 14 15 20 20 20 20 20 20 20 20 20 21 21 21 21 22 22 19 19 19 19 19 19 19 19 19 19 19 19 14 14 14 7 5 5 5 4 4 4 4 4 3 3 3 3 3 2 2 2 2 2 2 2 2 2 2 2 2 2 2 2 2 2 2 2 2 2 2 2 2 2 2 2 2 2 5 5 5 5 5 5 5 3 3 3 5 5 5 5 5 9 9 9 9 9 13 13 14 22 22 22 22 22 22 22 22 22 25 25 25 25 25 25 23 23 23 23 23 23 23 23 23 23 23 23 19 19 19 12 7 7 7 6 6 6 6 6 3 3 3 3 3 3 3 3 3 3 3 3 3 3 3 3 3 3 3 3 3 3 3 3 3 3 3 3 3 3 3 3 3 3 6 6 6 6 6 6 6 3 3 3 8 8 8 8 8 12 12 12 12 12 16 16 17 25 25 25 25 25 25 25 25 25 26 26 26 26 26 26 21 21 21 21 21 21 21 21 21 21 21 21 17 17 17 10 5 5 5 4 4 4 4 4 3 3 3 3 3 3 3 3 3 3 3 3 3

#Number of shift templates
4

#Shift templates
#Abbr, Full name, Start, + Minutes,  -Minutes, Length, +Minutes, -Minutes, available days
F Frühschicht 6:0 120 60 480 60 60 *
T Tagschicht 10:0 60 60 480 60 60 *
S Spätschicht 14:0 60 60 480 60 60 *
N Nachtschicht 22:0 60 60 480 60 60 *

#Duties per week: Lower limit, Upper limit
3 5

# Average number of hours per week
 38.5

# Weights about the criteria
#UnderCover:
1

#Overcover:
1

#DutiesPerWeek:
1000

#Shifts:
15

#Fitness of assumed optimal Solution:
# 150

#Optimal Solution:
#Shift Start Length Duties:
# 1:  7:45    420       3  3  3  3  3  2  5
# 2:  5:15    540       2  2  2  2  2  3  3
# 3:  10:45    525       1  1  1  1  1  1  1
# 4:  11:0    450       3  3  3  3  3  3  3
# 5:  10:15    495       4  4  4  4  4  4  4
# 6:  11:0    465       2  2  2  2  2  5  5
# 7:  9:0    525       5  5  4  5  5  4  4
# 8:  13:15    450       1  1  1  1  1  3  1
# 9:  14:15    465       3  3  3  3  3  3  3
# 10:  22:0    540       2  2  5  0  2  3  3
