#MinuteInterval:
15

#DaysPerCycle:
7

#FlagCyclical: yes or no
yes

#Requirements:
3 3 3 3 3 3 3 3 3 3 3 3 3 3 3 3 3 3 3 3 3 3 3 3 3 8 8 8 12 12 12 13 13 13 13 13 13 19 23 23 23 23 23 23 23 23 23 23 23 20 20 20 20 20 20 20 20 20 16 11 11 11 11 11 10 10 10 10 6 1 1 1 0 0 0 0 0 0 0 0 0 0 0 0 3 3 3 3 3 3 3 3 3 3 3 3 3 3 3 3 3 3 3 3 3 3 3 3 3 3 3 3 3 3 3 3 3 3 3 3 3 8 8 8 12 12 12 13 13 13 13 13 13 19 23 23 23 23 23 23 23 23 23 23 23 20 20 20 20 20 20 20 20 20 16 11 11 11 11 11 10 10 10 10 6 1 1 1 0 0 0 0 0 0 0 0 0 0 0 0 3 3 3 3 3 3 3 3 3 3 3 3 3 3 3 3 3 3 3 3 3 3 3 3 3 3 3 3 3 3 3 3 3 3 3 3 3 8 8 8 13 13 13 14 14 14 14 14 14 20 24 24 24 24 24 24 24 24 24 24 24 21 21 21 21 21 21 21 21 21 16 11 11 11 11 11 10 10 10 10 6 1 1 1 0 0 0 0 0 0 0 0 0 0 0 0 3 3 3 3 3 3 3 3 3 3 3 3 3 3 3 3 3 3 3 3 3 3 3 3 3 3 3 3 3 3 3 3 3 3 3 3 3 8 8 8 12 12 12 13 13 13 13 13 13 19 23 23 23 23 23 23 23 23 23 23 23 20 20 20 20 20 20 20 20 20 16 11 11 11 11 11 10 10 10 10 6 1 1 1 0 0 0 0 0 0 0 0 0 0 0 0 3 3 3 3 3 3 3 3 3 3 3 3 3 3 3 3 3 3 3 3 3 3 3 3 3 3 3 3 3 3 3 3 3 3 3 3 3 8 8 8 12 12 12 13 13 13 13 13 13 19 23 23 23 23 23 26 26 26 26 26 26 23 23 23 23 23 23 23 23 23 19 14 14 14 14 14 13 13 13 13 9 4 4 4 3 3 3 3 3 0 0 0 0 0 0 0 3 3 3 3 3 3 3 3 3 3 3 3 3 3 3 3 3 3 3 3 3 3 3 3 3 3 3 3 3 3 3 3 3 3 3 3 3 5 5 5 9 9 9 10 10 10 10 10 10 15 17 17 17 17 17 21 21 21 21 21 21 18 18 18 18 18 18 18 18 18 14 12 12 12 12 12 11 11 11 11 9 8 8 8 4 4 4 4 4 0 0 0 0 0 0 0 3 3 3 3 3 3 3 3 3 3 3 3 3 3 3 3 3 3 3 3 3 3 3 3 3 3 3 3 3 3 3 3 3 3 3 3 3 5 5 5 9 9 9 10 10 10 10 10 10 15 17 17 17 17 17 21 21 21 21 21 21 18 18 18 18 18 18 18 18 18 14 12 12 12 12 12 11 11 11 11 9 8 8 8 4 4 4 4 4 0 0 0 0 0 0 0 3 3 3 3 3 3 3 3 3 3 3 3

#Number of shift templates
4

#Shift templates
#Abbr, Full name, Start, + Minutes,  -Minutes, Length, +Minutes, -Minutes, available days
F Frühschicht 6:0 120 60 480 60 60 *
T Tagschicht 10:0 60 60 480 60 60 *
S Spätschicht 14:0 60 60 480 60 60 *
N Nachtschicht 22:0 60 60 480 60 60 *

#Duties per week: Lower limit, Upper limit
3 5

# Average number of hours per week
 38.5

# Weights about the criteria
#UnderCover:
1

#Overcover:
1

#DutiesPerWeek:
1000

#Shifts:
15

#Fitness of assumed optimal Solution:
# 135

#Optimal Solution:
#Shift Start Length Duties:
# 1:  7:45    495       1  1  1  1  1  1  1
# 2:  7:0    450       4  4  5  4  4  4  4
# 3:  5:15    420       3  3  3  3  3  3  3
# 4:  6:15    510       5  5  5  5  5  2  2
# 5:  9:30    450       4  4  4  4  4  2  2
# 6:  9:15    525       1  1  1  1  1  4  4
# 7:  10:45    510       0  0  0  0  3  4  4
# 8:  9:15    480       5  5  5  5  5  1  1
# 9:  21:0    495       3  3  3  3  3  3  3
