#MinuteInterval:
15

#DaysPerCycle:
7

#FlagCyclical: yes or no
yes

#Requirements:
0 0 0 0 0 0 0 0 0 0 0 0 0 0 0 0 0 0 0 0 0 5 5 5 5 5 5 6 10 10 10 10 10 10 10 10 10 15 15 19 19 19 21 21 21 21 21 21 21 21 16 16 16 17 20 20 20 20 20 20 20 19 19 19 15 15 15 15 15 15 15 10 8 8 8 4 4 4 4 4 4 4 4 4 4 4 3 0 0 0 5 5 5 5 5 5 5 5 5 5 5 5 5 5 5 5 5 5 5 5 5 5 5 5 5 5 5 9 4 4 4 4 4 5 8 8 8 8 8 8 8 8 8 13 13 17 17 17 19 19 19 19 19 19 19 19 15 15 15 16 19 19 19 20 20 20 20 19 19 19 16 16 16 16 16 16 16 11 9 9 9 5 5 5 5 5 5 5 5 5 5 4 4 1 1 1 6 6 6 6 6 6 6 6 6 6 6 6 6 6 6 6 6 6 6 6 6 6 6 6 6 6 6 9 3 3 3 3 3 4 8 8 8 8 8 8 8 8 8 13 13 17 17 17 19 19 19 19 19 19 19 19 16 16 16 17 20 20 20 21 21 21 21 20 20 20 16 16 16 16 16 16 16 11 9 9 9 5 5 5 5 5 5 5 5 5 5 4 3 0 0 0 0 0 0 0 0 0 0 0 0 0 0 0 0 0 0 0 0 0 0 0 0 0 0 0 0 0 0 3 3 3 3 3 3 4 8 8 8 8 8 8 8 8 8 13 13 17 17 17 19 19 19 19 19 19 19 19 16 16 16 17 20 20 20 20 20 20 20 19 19 19 15 15 15 15 15 15 15 10 8 8 8 4 4 4 4 4 4 4 4 4 4 4 3 0 0 0 5 5 5 5 5 5 5 5 5 5 5 5 5 5 5 5 5 5 5 5 5 5 5 5 5 5 5 8 3 3 3 3 3 4 8 8 8 8 8 8 8 8 8 13 13 17 17 17 19 19 19 19 19 19 19 19 16 16 16 17 20 20 20 20 20 20 20 19 19 19 15 15 15 15 15 15 15 10 8 8 8 4 4 4 4 4 4 4 4 4 4 4 3 0 5 5 10 10 10 10 10 10 10 10 10 10 10 10 10 10 10 10 10 10 10 10 10 10 10 10 10 10 10 13 8 3 3 3 3 8 13 13 13 13 13 13 13 13 13 17 17 21 21 21 23 23 23 23 23 23 23 23 20 20 20 20 23 23 23 23 23 23 23 18 18 18 13 13 13 13 13 13 13 9 7 7 7 3 3 3 3 3 3 3 3 3 3 3 3 0 0 0 0 0 0 0 0 0 0 0 0 0 0 0 0 0 0 0 0 0 0 0 0 0 0 0 0 0 0 3 3 3 3 3 3 8 12 12 12 12 12 12 12 12 12 16 16 20 20 20 22 22 22 22 22 22 22 22 19 19 19 19 22 22 22 22 22 22 22 17 17 17 13 13 13 13 13 13 13 9 7 7 7 3 3 3 3 3 3 3 3 3 3 3 3 0 0 0 0 0 0 0 0 0

#Number of shift templates
4

#Shift templates
#Abbr, Full name, Start, + Minutes,  -Minutes, Length, +Minutes, -Minutes, available days
F Frühschicht 6:0 120 60 480 60 60 *
T Tagschicht 10:0 60 60 480 60 60 *
S Spätschicht 14:0 60 60 480 60 60 *
N Nachtschicht 22:0 60 60 480 60 60 *

#Duties per week: Lower limit, Upper limit
3 5

# Average number of hours per week
 38.5

# Weights about the criteria
#UnderCover:
1

#Overcover:
1

#DutiesPerWeek:
1000

#Shifts:
15

#Fitness of assumed optimal Solution:
# 180

#Optimal Solution:
#Shift Start Length Duties:
# 1:  6:45    510       1  1  1  1  1  5  5
# 2:  7:0    540       4  3  4  4  4  5  4
# 3:  5:15    435       5  4  3  3  3  3  3
# 4:  9:15    510       5  5  5  5  5  4  4
# 5:  9:45    540       4  4  4  4  4  4  4
# 6:  10:30    450       2  2  2  2  2  2  2
# 7:  13:30    495       3  3  3  3  3  3  3
# 8:  13:15    495       1  1  1  1  1  0  0
# 9:  14:15    420       0  1  1  0  0  0  0
# 10:  22:0    465       0  0  0  0  5  0  0
# 11:  22:30    420       5  5  0  5  5  0  0
# 12:  21:30    480       0  1  0  0  0  0  0
