#MinuteInterval:
15

#DaysPerCycle:
7

#FlagCyclical: yes or no
yes

#Requirements:
1 1 1 1 1 1 1 1 1 1 1 1 1 1 1 1 1 1 1 1 1 1 1 3 3 7 12 16 16 16 16 16 16 16 16 16 18 18 18 18 21 21 21 24 24 24 24 24 24 24 24 24 25 25 25 20 18 18 23 23 23 18 18 18 18 18 18 18 15 13 13 13 13 13 13 13 10 10 10 10 10 10 10 10 10 9 9 5 9 9 7 7 7 7 7 7 7 7 7 7 7 7 7 7 7 7 7 7 7 7 7 7 7 7 7 7 7 7 4 6 6 7 12 18 18 18 18 18 18 18 18 18 21 21 21 21 24 24 24 27 27 27 27 27 27 27 27 27 28 28 28 23 21 21 26 30 28 23 23 23 23 23 23 23 20 17 17 17 17 17 17 17 14 14 14 14 14 14 14 14 14 13 13 9 13 13 9 9 9 5 5 5 5 5 5 5 5 5 5 5 5 5 5 5 5 5 5 5 5 5 5 5 5 5 4 6 6 7 7 11 11 11 11 11 11 11 11 11 14 14 14 14 17 17 17 20 20 20 20 20 20 20 20 20 21 26 26 26 24 24 29 33 33 28 28 28 28 28 28 28 25 22 22 22 22 22 22 22 19 19 19 19 19 19 19 19 19 18 18 9 13 13 11 11 11 7 7 7 7 7 7 7 7 7 7 7 7 7 7 7 7 7 7 7 7 7 7 7 7 7 4 5 5 6 11 15 15 15 15 15 15 15 15 15 18 18 18 18 21 21 21 24 24 24 24 24 24 24 24 24 25 25 25 20 19 19 24 28 28 23 23 23 23 23 23 23 20 17 17 17 17 17 17 17 14 14 14 14 14 14 14 14 14 13 13 9 13 13 11 11 11 7 7 7 7 7 7 7 7 7 7 7 7 7 7 7 7 7 7 7 7 7 7 7 7 7 4 6 6 7 12 16 16 16 16 16 16 16 16 16 19 19 19 19 22 22 22 25 25 25 25 25 25 25 25 25 26 26 26 21 19 19 24 28 28 23 23 23 23 23 23 23 20 17 17 17 17 17 17 17 14 14 14 14 14 14 14 14 14 13 13 9 13 13 11 11 11 7 7 7 7 7 7 7 7 7 7 7 7 7 7 7 7 7 7 7 7 7 7 7 7 7 4 7 7 4 9 18 18 18 18 18 18 18 18 18 18 18 18 18 21 21 21 21 21 21 21 21 21 21 21 21 22 22 22 17 14 14 15 15 10 9 9 9 9 9 9 9 6 6 6 6 6 6 6 6 6 6 6 6 6 6 6 6 6 5 5 1 2 2 2 2 2 2 2 2 2 2 2 2 2 2 2 2 2 2 2 2 2 2 2 2 2 2 2 2 2 2 1 3 3 3 4 12 12 12 12 12 12 12 12 12 13 13 13 13 16 16 16 16 16 16 16 16 16 16 16 16 17 17 17 16 14 14 17 21 17 16 16 16 16 16 16 16 13 12 12 12 12 12 12 12 12 12 12 12 12 12 12 12 12 11 11 7 8 8 5 5 5 1 1 1

#Number of shift templates
4

#Shift templates
#Abbr, Full name, Start, + Minutes,  -Minutes, Length, +Minutes, -Minutes, available days
F Frühschicht 6:0 120 60 480 60 60 *
T Tagschicht 10:0 60 60 480 60 60 *
S Spätschicht 14:0 60 60 480 60 60 *
N Nachtschicht 22:0 60 60 480 60 60 *

#Duties per week: Lower limit, Upper limit
3 5

# Average number of hours per week
 38.5

# Weights about the criteria
#UnderCover:
1

#Overcover:
1

#DutiesPerWeek:
1000

#Shifts:
15

#Fitness of assumed optimal Solution:
# 225

#Optimal Solution:
#Shift Start Length Duties:
# 1:  6:30    435       5  5  0  5  5  5  1
# 2:  6:45    495       0  2  0  0  0  5  4
# 3:  6:15    540       5  5  5  5  5  1  1
# 4:  6:45    480       4  4  4  4  4  4  4
# 5:  5:45    495       2  2  2  1  2  3  2
# 6:  10:45    495       3  3  3  3  3  0  0
# 7:  10:0    420       3  3  3  3  3  3  3
# 8:  9:0    495       2  3  3  3  3  0  1
# 9:  14:45    510       0  4  4  4  4  0  4
# 10:  14:30    480       5  5  5  5  5  1  3
# 11:  13:0    495       1  1  1  1  1  1  1
# 12:  13:15    510       0  0  5  0  0  0  0
# 13:  14:45    420       4  4  4  4  4  4  4
# 14:  22:0    495       4  4  4  4  4  1  1
# 15:  22:30    420       3  1  3  3  3  1  0
