#MinuteInterval:
15

#DaysPerCycle:
7

#FlagCyclical: yes or no
yes

#Requirements:
3 3 3 3 3 3 3 3 3 3 3 3 3 3 3 3 3 2 2 0 0 0 0 0 0 0 0 0 0 0 0 0 5 5 5 5 5 5 5 5 5 8 8 8 12 12 12 12 12 12 12 12 12 12 17 17 17 17 17 17 17 17 17 12 12 12 12 12 12 12 12 12 12 9 9 9 9 9 9 5 5 5 5 5 11 11 11 11 11 13 8 8 8 8 8 8 8 8 8 8 8 8 8 8 8 8 8 8 8 8 8 8 8 7 7 2 2 2 2 0 0 0 0 0 0 0 0 0 5 5 5 5 5 5 5 5 5 7 7 7 11 11 11 11 11 11 11 11 11 11 16 16 16 16 16 16 16 16 16 11 11 11 11 11 11 11 11 11 11 9 9 9 9 9 9 5 5 5 5 5 11 11 11 11 11 13 8 8 8 8 8 8 8 8 8 8 8 8 8 8 8 8 8 8 8 8 8 8 8 7 7 2 2 2 2 0 0 0 0 0 0 0 0 0 5 5 5 5 5 5 5 5 5 8 8 8 12 12 12 12 12 12 12 12 12 12 17 17 17 17 17 17 17 17 17 12 12 12 12 12 12 12 12 12 12 9 9 9 9 9 9 5 5 5 5 5 11 11 11 11 11 13 8 8 8 8 8 8 8 8 8 8 8 8 8 8 8 8 8 8 8 8 8 8 8 7 7 2 2 2 2 0 0 0 0 0 0 0 0 0 5 5 5 5 5 5 5 5 5 8 8 8 12 12 12 12 12 12 12 12 12 12 17 17 17 17 17 17 17 17 17 12 12 12 12 12 12 12 12 12 12 9 9 9 9 9 9 5 5 5 5 5 13 13 13 13 13 15 10 10 10 10 10 10 10 10 10 10 10 10 10 10 10 10 10 10 10 10 10 10 10 7 7 2 2 2 2 0 0 0 0 0 0 0 0 0 5 5 5 5 5 5 5 5 5 8 8 8 12 12 12 12 12 12 12 12 12 12 17 17 17 17 17 17 17 17 17 12 12 12 12 12 12 12 12 12 12 9 9 9 9 9 9 5 5 5 5 5 11 11 11 11 11 14 9 9 9 9 9 9 9 9 9 9 9 9 9 9 9 9 9 9 9 9 9 9 9 8 8 3 3 3 3 0 0 0 0 0 0 0 0 0 5 5 5 5 5 5 5 5 5 8 8 8 8 8 8 8 8 8 8 8 8 8 10 10 10 13 13 13 13 13 13 8 8 8 8 8 8 8 8 8 8 5 5 5 5 5 5 5 5 5 5 5 6 6 6 6 6 3 1 1 1 1 1 1 1 1 1 1 1 1 1 1 1 1 1 1 1 1 1 1 1 0 0 0 0 0 0 0 0 0 0 0 0 0 0 0 5 5 5 5 5 5 5 5 5 8 8 8 10 10 10 10 10 10 10 10 10 10 12 12 12 15 15 15 15 15 15 10 10 10 10 10 10 10 10 10 10 7 7 7 7 7 7 5 5 5 5 5 8 8 8 8 8 5 3 3 3 3 3 3

#Number of shift templates
4

#Shift templates
#Abbr, Full name, Start, + Minutes,  -Minutes, Length, +Minutes, -Minutes, available days
F Frühschicht 6:0 120 60 480 60 60 *
T Tagschicht 10:0 60 60 480 60 60 *
S Spätschicht 14:0 60 60 480 60 60 *
N Nachtschicht 22:0 60 60 480 60 60 *

#Duties per week: Lower limit, Upper limit
3 5

# Average number of hours per week
 38.5

# Weights about the criteria
#UnderCover:
1

#Overcover:
1

#DutiesPerWeek:
1000

#Shifts:
15

#Fitness of assumed optimal Solution:
# 120

#Optimal Solution:
#Shift Start Length Duties:
# 1:  8:0    465       5  5  5  5  5  5  5
# 2:  11:0    525       4  4  4  4  4  0  2
# 3:  10:15    480       3  2  3  3  3  3  3
# 4:  14:15    480       0  0  0  0  0  3  3
# 5:  13:30    540       5  5  5  5  5  2  2
# 6:  22:15    450       2  2  2  2  3  0  0
# 7:  21:0    435       1  1  1  3  1  1  1
# 8:  21:0    465       5  5  5  5  5  0  2
