#MinuteInterval:
15

#DaysPerCycle:
7

#FlagCyclical: yes or no
yes

#Requirements:
5 5 5 5 5 5 5 5 5 5 5 5 5 5 5 5 5 5 5 5 5 5 5 5 0 0 0 0 0 0 0 0 0 0 0 0 0 6 6 6 6 6 6 10 10 10 10 10 10 10 10 10 10 10 11 11 11 15 15 16 16 16 16 16 16 16 16 12 10 10 10 7 6 6 6 6 6 6 6 6 6 6 6 6 6 5 5 10 10 10 10 10 6 6 6 5 5 5 5 5 5 5 5 5 5 5 5 5 5 5 5 5 5 5 5 5 5 5 5 5 0 0 0 0 0 0 0 0 0 0 0 0 0 6 6 6 6 6 6 10 10 10 10 10 10 10 10 10 10 10 11 11 11 15 15 16 16 16 16 16 16 16 16 12 10 10 10 7 6 6 6 6 6 6 6 6 6 6 6 6 6 5 5 9 9 9 9 9 5 5 5 4 4 4 4 4 4 4 4 4 4 4 4 4 4 4 4 4 4 4 4 4 4 4 4 4 0 0 0 0 0 0 0 0 0 0 0 0 0 6 6 6 6 6 6 10 10 10 10 10 10 10 10 10 10 10 11 11 11 15 15 16 16 16 16 16 16 16 16 12 10 10 10 7 6 6 6 6 6 6 6 6 6 6 6 6 6 5 5 10 10 10 10 10 6 6 6 5 5 5 5 5 5 5 5 5 5 5 5 5 5 5 5 5 5 5 5 5 5 5 5 5 0 0 0 0 0 0 0 0 0 0 0 0 0 6 6 6 6 6 6 10 10 10 10 10 10 10 10 10 10 10 11 11 11 15 15 16 16 16 16 16 16 16 16 12 10 10 10 7 6 6 6 6 6 6 6 6 6 6 6 6 6 5 5 10 10 10 10 10 6 6 6 5 5 5 5 5 5 5 5 5 5 5 5 5 5 5 5 5 5 5 5 5 5 5 5 5 0 0 0 0 0 0 0 0 0 0 0 0 0 6 6 6 6 6 6 10 10 10 10 10 10 10 10 10 10 10 11 11 11 15 15 16 16 16 16 16 16 16 16 12 10 10 10 7 6 6 6 6 6 6 6 6 6 6 6 6 6 5 5 10 10 10 10 10 6 6 6 5 5 5 5 5 5 5 5 5 5 5 5 5 5 5 5 5 5 5 5 5 5 5 5 5 0 0 0 0 0 0 0 0 0 0 0 0 0 4 4 4 4 4 4 8 8 8 8 8 8 8 8 8 8 8 9 9 9 12 12 13 13 13 13 13 13 13 13 11 9 9 9 6 5 5 5 5 5 5 5 5 5 5 5 5 5 4 4 9 9 9 9 9 6 6 6 5 5 5 5 5 5 5 5 5 5 5 5 5 5 5 5 5 5 5 5 5 5 5 5 5 0 0 0 0 0 0 0 0 0 0 0 0 0 4 4 4 4 4 4 10 13 13 13 13 13 13 13 13 13 13 14 14 14 19 19 20 20 20 20 20 20 20 20 18 16 16 16 11 10 10 10 10 10 10 10 7 7 7 7 7 7 6 6 11 11 11 11 11 6 6 6 5

#Number of shift templates
4

#Shift templates
#Abbr, Full name, Start, + Minutes,  -Minutes, Length, +Minutes, -Minutes, available days
F Frühschicht 6:0 120 60 480 60 60 *
T Tagschicht 10:0 60 60 480 60 60 *
S Spätschicht 14:0 60 60 480 60 60 *
N Nachtschicht 22:0 60 60 480 60 60 *

#Duties per week: Lower limit, Upper limit
3 5

# Average number of hours per week
 38.5

# Weights about the criteria
#UnderCover:
1

#Overcover:
1

#DutiesPerWeek:
1000

#Shifts:
15

#Fitness of assumed optimal Solution:
# 135

#Optimal Solution:
#Shift Start Length Duties:
# 1:  11:0    525       0  0  0  0  0  0  3
# 2:  9:15    450       4  4  4  4  4  2  2
# 3:  9:15    465       2  2  2  2  2  2  2
# 4:  10:45    420       3  3  3  3  3  3  5
# 5:  10:45    435       1  1  1  1  1  1  1
# 6:  13:30    465       1  1  1  1  1  1  1
# 7:  14:45    540       1  1  1  1  1  1  1
# 8:  14:15    525       4  4  4  4  4  3  5
# 9:  21:45    495       5  4  5  5  5  5  5
