#MinuteInterval:
15

#DaysPerCycle:
7

#FlagCyclical: yes or no
yes

#Requirements:
1 1 1 1 1 1 1 1 1 1 1 1 1 1 1 1 1 1 1 1 1 2 2 2 7 7 6 6 6 6 6 6 6 6 6 6 10 10 10 10 14 14 14 14 14 14 14 14 14 13 13 13 13 8 10 10 10 10 10 10 10 10 10 10 10 10 10 10 6 2 2 2 2 2 2 2 2 2 2 2 2 2 2 2 2 2 0 0 0 2 2 2 2 2 2 2 2 2 2 2 2 2 2 2 2 2 2 2 2 2 2 2 2 2 2 2 2 3 3 3 8 8 6 6 6 6 6 6 6 6 6 6 10 10 10 10 13 13 13 13 13 13 13 13 13 12 12 12 12 7 9 9 9 9 9 9 9 9 9 9 9 9 9 9 5 2 2 2 2 2 2 2 2 2 2 2 2 2 2 2 2 2 0 0 0 2 2 2 2 2 2 2 2 2 2 2 2 2 2 2 2 2 2 2 2 2 2 2 2 2 2 2 2 6 6 6 11 11 9 9 9 9 9 9 9 9 9 9 13 13 13 13 17 17 17 17 17 17 17 17 17 13 13 13 13 8 10 10 10 10 10 10 10 10 10 10 10 10 10 10 6 2 2 2 2 2 2 2 2 2 2 2 2 2 2 2 2 2 0 0 0 2 2 2 2 2 2 2 2 2 2 2 2 2 2 2 2 2 2 2 2 2 2 2 2 2 2 2 2 3 3 3 8 8 6 6 6 6 6 6 6 6 6 6 10 10 10 10 14 14 14 14 14 14 14 14 14 13 13 13 13 8 10 10 10 10 10 10 10 10 10 10 10 10 10 10 6 2 2 2 2 2 2 2 2 2 2 2 2 2 2 2 2 2 0 0 0 1 1 1 1 1 1 1 1 1 1 1 1 1 1 1 1 1 1 1 1 1 1 1 1 1 1 1 1 2 2 2 7 7 6 6 6 6 6 6 6 6 6 6 10 10 10 10 14 14 14 14 14 14 14 14 14 13 13 13 13 8 10 10 10 10 10 10 10 10 10 10 10 10 10 10 6 2 2 2 2 2 2 2 2 2 2 2 2 2 2 2 2 2 0 0 0 2 2 2 2 2 2 2 2 2 2 2 2 2 2 2 2 2 2 2 2 2 2 2 2 2 2 2 2 4 4 4 9 9 7 7 7 7 7 7 7 7 7 7 11 11 11 11 11 11 11 11 11 11 11 11 11 9 9 9 9 4 6 6 6 6 6 6 6 6 6 6 6 6 6 6 2 2 2 2 2 2 2 2 2 2 2 2 2 2 2 2 2 2 0 0 0 1 1 1 1 1 1 1 1 1 1 1 1 1 1 1 1 1 1 1 1 1 1 1 1 1 1 1 1 3 3 3 8 8 7 7 7 7 7 7 7 7 7 7 11 11 11 11 11 11 11 11 11 11 11 11 11 9 9 9 9 4 6 6 6 6 6 6 6 6 6 6 6 6 6 6 2 2 2 2 2 2 2 2 2 2 2 2 2 2 2 2 2 2 0 0 0 1 1 1 1 1 1 1

#Number of shift templates
4

#Shift templates
#Abbr, Full name, Start, + Minutes,  -Minutes, Length, +Minutes, -Minutes, available days
F Frühschicht 6:0 120 60 480 60 60 *
T Tagschicht 10:0 60 60 480 60 60 *
S Spätschicht 14:0 60 60 480 60 60 *
N Nachtschicht 22:0 60 60 480 60 60 *

#Duties per week: Lower limit, Upper limit
3 5

# Average number of hours per week
 38.5

# Weights about the criteria
#UnderCover:
1

#Overcover:
1

#DutiesPerWeek:
0

#Shifts:
15

#Fitness of assumed optimal Solution:
# 90

#Optimal Solution:
#Shift Start Length Duties:
# 1:  5:15    420       1  1  4  1  1  2  2
# 2:  6:0    435       5  5  5  5  5  5  5
# 3:  9:0    480       4  4  4  4  4  4  4
# 4:  10:0    435       4  3  4  4  4  0  0
# 5:  13:30    480       2  2  2  2  2  2  2
# 6:  22:45    450       0  0  0  0  0  0  0
# 7:  22:15    495       2  2  2  1  2  1  1
