#MinuteInterval:
30

#DaysPerCycle:
7

#FlagCyclical: yes or no
yes

#Requirements:
11 11 11 11 11 11 11 11 8 6 6 7 7 11 10 13 13 13 18 18 18 18 18 18 18 18 20 20 19 22 22 22 22 14 14 14 14 14 14 14 14 14 15 14 11 6 13 11 11 11 11 11 11 11 11 11 11 11 11 12 11 15 10 13 13 13 18 18 18 18 18 18 18 18 21 21 17 15 15 15 15 7 7 7 7 7 7 7 7 7 13 13 9 8 15 14 14 14 14 14 14 14 14 14 11 11 11 12 11 15 10 13 13 13 18 18 18 18 18 18 18 18 19 19 17 20 20 20 20 12 12 12 12 12 12 12 12 12 13 13 11 6 13 11 11 11 11 11 11 11 11 11 8 8 8 9 11 15 10 13 13 13 18 18 18 18 18 18 18 18 21 21 16 19 19 19 19 11 11 11 11 11 11 11 11 11 18 18 14 9 16 14 14 14 14 14 14 14 14 14 11 11 11 12 11 15 10 13 13 13 18 18 18 18 18 18 18 18 21 21 19 22 22 22 22 14 14 14 14 14 14 14 14 14 18 18 14 9 17 15 15 15 15 15 15 15 15 15 12 12 12 13 7 7 2 3 3 3 8 8 8 8 8 8 8 8 12 12 14 21 21 21 21 15 15 15 15 15 15 15 15 15 21 21 16 11 17 15 15 15 15 15 15 15 15 15 12 10 10 11 3 3 2 5 5 5 10 10 10 10 10 10 10 10 14 14 16 25 25 25 25 17 17 17 17 17 17 17 17 17 23 23 18 13 15 11

#Number of shift templates
4

#Shift templates
#Abbr, Full name, Start, + Minutes,  -Minutes, Length, +Minutes, -Minutes, available days
F Frühschicht 6:0 120 60 480 60 60 *
T Tagschicht 10:0 60 60 480 60 60 *
S Spätschicht 14:0 60 60 480 60 60 *
N Nachtschicht 22:0 60 60 480 60 60 *

#Duties per week: Lower limit, Upper limit
3 5

# Average number of hours per week
 38.5

# Weights about the criteria
#UnderCover:
1

#Overcover:
1

#DutiesPerWeek:
1000

#Shifts:
30

#Fitness of assumed optimal Solution:
# 480

#Optimal Solution:
#Shift Start Length Duties:
# 1:  6:30    480       4  4  4  4  4  0  0
# 2:  7:30    540       3  3  3  3  3  1  3
# 3:  6:0    420       1  1  1  1  1  1  1
# 4:  6:0    480       4  4  4  4  4  0  0
# 5:  5:30    510       1  1  1  1  1  1  1
# 6:  9:0    450       5  5  5  5  5  5  5
# 7:  14:30    480       5  1  5  5  5  5  5
# 8:  13:0    540       3  4  2  4  4  5  5
# 9:  14:0    420       3  1  3  0  3  3  3
# 10:  14:0    450       1  0  0  0  0  0  0
# 11:  14:30    540       2  1  2  2  2  2  4
# 12:  23:0    420       2  2  2  2  3  5  1
# 13:  21:0    420       0  3  3  3  3  3  3
# 14:  21:0    450       0  0  0  0  0  2  2
# 15:  21:0    540       4  4  1  4  4  4  4
# 16:  23:0    480       5  5  5  5  5  1  1
