#MinuteInterval:
15

#DaysPerCycle:
7

#FlagCyclical: yes or no
yes

#Requirements:
3 3 3 3 3 3 3 3 3 3 3 3 3 3 3 3 3 3 3 3 3 5 5 2 6 6 6 6 10 10 10 10 10 10 10 10 15 15 18 18 21 22 22 22 22 22 22 22 22 22 22 22 23 21 24 29 29 29 25 27 27 27 27 27 22 22 22 22 21 20 18 18 18 18 15 15 15 15 15 15 15 15 15 10 10 10 10 5 3 3 3 3 3 3 3 3 3 3 3 3 3 3 3 3 3 3 3 3 3 3 3 3 3 3 3 3 3 8 8 5 9 9 9 9 9 9 9 9 9 9 9 9 14 14 17 17 20 21 21 21 21 21 21 21 21 21 21 21 19 19 22 27 27 27 27 29 29 29 29 29 24 24 24 24 23 22 20 20 20 20 17 17 17 17 17 17 17 17 17 12 7 7 7 2 3 3 3 3 3 3 3 3 3 3 3 3 3 3 3 3 3 3 3 3 3 3 3 3 3 3 3 3 3 8 8 5 9 9 9 9 13 13 13 13 13 13 13 13 18 18 21 21 24 25 25 25 25 25 25 25 25 25 25 25 26 26 29 34 34 34 30 32 32 32 32 32 27 27 27 27 26 25 23 23 23 23 20 20 20 20 20 20 20 20 20 15 10 10 10 5 3 3 3 3 3 3 3 3 3 3 3 3 3 3 3 3 3 3 3 3 3 3 3 3 3 3 3 3 3 8 8 5 9 9 9 9 10 10 10 10 10 10 10 10 15 15 18 18 21 22 22 22 22 22 22 22 22 22 22 22 23 23 26 31 31 31 30 32 32 32 32 32 27 27 27 27 26 25 23 23 23 23 20 20 20 20 20 20 20 20 20 15 10 10 10 5 3 3 3 3 3 3 3 3 3 3 3 3 3 3 3 3 3 3 3 3 3 3 3 3 3 3 3 3 3 6 6 3 7 7 7 7 11 11 11 11 11 11 11 11 16 16 19 19 22 23 23 23 23 23 23 23 23 23 23 23 22 24 27 32 32 32 28 32 32 32 32 32 27 27 27 27 26 25 23 23 23 23 20 20 20 20 20 20 20 20 20 15 10 10 10 3 3 3 3 3 3 3 3 3 3 3 3 3 3 3 3 3 3 3 3 3 3 3 3 3 3 3 3 3 3 5 5 2 5 5 5 5 6 6 6 6 6 6 6 6 11 11 14 14 17 21 21 21 21 21 21 21 21 21 21 21 20 18 21 24 24 24 23 26 26 26 26 26 21 21 21 21 20 16 14 14 14 14 11 11 11 11 11 11 11 11 11 8 8 8 8 2 3 3 3 3 3 3 3 3 3 3 3 3 3 3 3 3 3 3 3 3 3 3 3 3 3 3 3 3 3 5 5 2 5 5 5 5 6 6 6 6 6 6 6 6 11 11 14 14 17 21 21 21 21 21 21 21 21 21 21 21 20 18 21 24 24 24 23 26 26 26 26 26 21 21 21 21 20 16 14 14 14 14 11 11 11 11 11 11 11 11 11 8 8 8 8 2 3 3 3 3 3 3 3 3

#Number of shift templates
4

#Shift templates
#Abbr, Full name, Start, + Minutes,  -Minutes, Length, +Minutes, -Minutes, available days
F Frühschicht 6:0 120 60 480 60 60 *
T Tagschicht 10:0 60 60 480 60 60 *
S Spätschicht 14:0 60 60 480 60 60 *
N Nachtschicht 22:0 60 60 480 60 60 *

#Duties per week: Lower limit, Upper limit
3 5

# Average number of hours per week
 38.5

# Weights about the criteria
#UnderCover:
1

#Overcover:
1

#DutiesPerWeek:
0

#Shifts:
15

#Fitness of assumed optimal Solution:
# 210

#Optimal Solution:
#Shift Start Length Duties:
# 1:  5:15    480       2  5  5  5  3  2  2
# 2:  6:0    420       4  4  4  4  4  3  3
# 3:  7:0    450       4  0  4  1  4  1  1
# 4:  10:0    450       2  2  2  2  2  2  2
# 5:  9:30    540       3  3  3  3  3  3  3
# 6:  10:0    420       1  1  1  1  1  1  1
# 7:  10:15    420       1  1  1  1  1  4  4
# 8:  9:0    420       5  5  5  5  5  5  5
# 9:  14:45    420       2  2  2  2  4  3  3
# 10:  13:45    420       5  5  5  5  5  3  3
# 11:  13:15    465       0  5  5  5  5  0  0
# 12:  13:0    540       5  2  5  5  3  2  2
# 13:  13:30    495       3  3  3  3  3  3  3
# 14:  22:0    465       3  3  3  3  3  3  3
