#MinuteInterval:
15

#DaysPerCycle:
7

#FlagCyclical: yes or no
yes

#Requirements:
14 14 14 14 14 14 14 14 14 14 14 14 14 14 14 14 14 14 14 14 14 12 12 8 3 3 1 1 1 1 1 1 1 1 1 1 1 1 5 8 8 8 8 8 10 10 10 10 10 10 10 10 10 10 9 9 9 9 9 9 13 13 13 13 13 13 13 10 10 10 10 10 10 6 6 6 4 4 4 4 4 4 4 4 4 4 4 6 5 5 6 8 8 8 8 8 8 8 8 8 8 8 8 8 8 8 8 8 8 8 8 8 8 8 8 8 8 6 6 5 3 3 1 1 1 1 1 1 1 1 1 1 1 1 5 8 8 8 8 8 10 10 10 10 10 10 10 10 10 10 9 9 9 9 9 9 13 13 13 13 13 13 13 10 10 10 10 10 10 6 6 6 4 4 4 4 4 4 4 4 4 4 4 6 5 5 6 8 8 8 8 8 8 8 8 8 8 8 8 8 8 8 8 8 8 8 8 8 8 8 8 8 8 10 10 9 7 7 5 5 5 5 5 5 5 5 5 5 5 5 10 13 13 13 13 13 15 15 15 15 15 15 15 15 15 15 14 10 10 10 10 10 14 14 14 14 14 14 14 11 11 11 11 11 11 6 6 6 4 4 4 4 4 4 4 4 4 4 4 6 5 5 6 8 8 8 8 8 8 8 8 8 8 8 8 8 8 8 8 8 8 8 8 8 8 8 8 8 8 6 6 5 3 3 1 1 1 1 1 1 1 1 1 1 1 1 5 8 8 8 8 8 10 10 10 10 10 10 10 10 10 10 9 9 9 9 9 9 13 13 13 13 13 13 13 10 10 10 10 10 10 6 6 6 4 4 4 4 4 4 4 4 4 4 4 6 5 5 6 8 8 8 8 8 8 8 8 8 8 8 8 8 8 8 8 8 8 8 8 8 8 8 8 8 8 6 6 5 3 3 1 1 1 1 1 1 1 1 1 1 1 1 2 5 5 5 5 5 7 7 7 7 7 7 7 7 7 7 6 6 6 6 6 6 10 10 10 10 10 10 10 7 7 7 7 7 7 6 6 6 4 4 4 4 4 4 4 4 4 4 4 6 5 5 6 8 9 9 9 9 9 9 9 9 9 9 9 9 9 9 9 9 9 9 9 9 9 9 9 9 9 11 11 10 8 8 6 6 6 6 5 5 5 5 5 5 5 5 5 7 7 7 7 7 9 9 9 9 9 9 9 9 9 9 7 4 4 4 4 4 6 6 6 6 6 6 6 4 4 4 4 4 4 4 4 4 2 2 2 2 2 2 2 2 2 2 2 7 8 8 12 14 14 14 14 14 14 14 14 14 14 14 14 14 14 14 14 14 14 14 14 14 14 14 14 14 14 16 16 12 7 7 5 5 5 5 5 5 5 5 5 5 5 5 10 12 12 12 12 12 14 14 14 14 14 14 14 14 14 14 12 9 9 9 9 9 11 11 11 11 11 11 11 9 9 9 9 9 9 4 4 4 2 2 2 2 2 2 2 2 2 2 2 7 8 8 12 14 14 14 14 14

#Number of shift templates
4

#Shift templates
#Abbr, Full name, Start, + Minutes,  -Minutes, Length, +Minutes, -Minutes, available days
F Frühschicht 6:0 120 60 480 60 60 *
T Tagschicht 10:0 60 60 480 60 60 *
S Spätschicht 14:0 60 60 480 60 60 *
N Nachtschicht 22:0 60 60 480 60 60 *

#Duties per week: Lower limit, Upper limit
3 5

# Average number of hours per week
 38.5

# Weights about the criteria
#UnderCover:
1

#Overcover:
1

#DutiesPerWeek:
1000

#Shifts:
15

#Fitness of assumed optimal Solution:
# 165

#Optimal Solution:
#Shift Start Length Duties:
# 1:  5:15    510       0  0  4  0  0  3  3
# 2:  5:15    495       1  1  1  1  1  2  2
# 3:  9:45    420       3  3  3  3  3  2  2
# 4:  9:30    525       4  4  5  4  1  0  5
# 5:  11:0    480       2  2  2  2  2  2  2
# 6:  15:0    420       4  4  4  4  4  2  2
# 7:  22:30    435       1  1  1  1  1  4  4
# 8:  23:0    510       0  0  0  0  1  0  0
# 9:  22:45    465       2  2  2  2  2  2  2
# 10:  22:0    435       3  3  3  3  3  3  3
# 11:  21:45    495       2  2  2  2  2  5  5
