#MinuteInterval:
15

#DaysPerCycle:
7

#FlagCyclical: yes or no
yes

#Requirements:
0 0 0 0 0 0 0 0 0 0 0 0 0 0 0 0 0 0 0 0 0 0 5 5 5 5 8 8 8 8 9 14 14 14 14 14 14 14 14 14 14 14 14 16 16 16 16 16 16 16 16 11 11 11 11 15 19 21 25 20 20 20 20 20 20 20 19 19 19 19 19 19 17 17 17 17 17 17 17 17 17 17 17 17 17 15 15 13 13 9 0 0 0 0 0 0 0 0 0 0 0 0 0 0 0 0 0 0 0 0 0 0 0 0 0 0 0 0 5 5 5 5 8 8 8 8 9 14 14 14 14 14 14 14 14 14 14 14 14 15 15 15 15 15 15 15 15 10 10 10 10 14 18 20 24 19 19 19 19 19 19 19 18 18 18 18 18 18 17 17 17 17 17 17 17 17 17 17 17 17 17 15 15 13 13 9 0 0 0 0 0 0 0 0 0 0 0 0 0 0 0 0 0 0 0 0 0 0 0 0 0 0 0 0 5 5 5 5 8 8 8 8 9 14 14 14 14 14 14 14 14 14 14 14 14 15 15 15 15 15 15 15 15 10 10 10 10 14 18 20 24 19 19 19 19 19 19 19 18 18 18 18 18 18 17 17 17 17 17 17 17 17 17 17 17 17 17 15 15 13 13 9 0 0 0 0 0 0 0 0 0 0 0 0 0 0 0 0 0 0 0 0 0 0 0 0 0 0 0 0 5 5 5 5 8 8 8 8 9 14 14 14 14 14 14 14 14 14 14 14 14 15 15 15 15 15 15 15 15 10 10 10 10 14 18 20 24 19 19 19 19 19 19 19 18 18 18 18 18 18 17 17 17 17 17 17 17 17 17 17 17 17 17 15 15 13 13 9 0 0 0 0 0 0 0 0 0 0 0 0 0 0 0 0 0 0 0 0 0 0 0 0 0 0 0 0 5 5 5 5 8 8 8 8 9 14 14 14 14 14 14 14 14 14 14 14 14 15 15 15 15 15 15 15 15 10 10 10 10 14 18 20 24 19 19 19 19 19 19 19 18 18 18 18 18 18 17 17 17 17 17 17 17 17 17 17 17 17 17 15 15 13 13 9 0 0 0 0 0 0 0 0 0 0 0 0 0 0 0 0 0 0 0 0 0 0 0 0 0 0 0 0 5 5 5 5 10 10 10 10 11 15 15 15 15 15 15 15 15 15 15 17 17 21 21 21 21 21 21 21 21 16 16 16 16 15 19 21 25 21 21 21 21 21 21 21 20 20 20 20 20 18 14 14 14 14 14 14 14 14 14 14 14 14 14 12 12 12 12 8 0 0 0 0 0 0 0 0 0 0 0 0 0 0 0 0 0 0 0 0 0 0 0 0 0 0 0 0 0 0 0 0 5 5 5 5 6 6 6 6 6 6 6 6 6 6 6 8 8 12 12 12 12 12 12 12 12 12 12 12 12 10 14 16 20 20 20 20 20 20 20 20 19 19 19 19 19 17 13 13 13 13 13 13 13 13 13 13 13 13 13 11 11 11 11 7 0 0 0 0 0 0

#Number of shift templates
4

#Shift templates
#Abbr, Full name, Start, + Minutes,  -Minutes, Length, +Minutes, -Minutes, available days
F Frühschicht 6:0 120 60 480 60 60 *
T Tagschicht 10:0 60 60 480 60 60 *
S Spätschicht 14:0 60 60 480 60 60 *
N Nachtschicht 22:0 60 60 480 60 60 *

#Duties per week: Lower limit, Upper limit
3 5

# Average number of hours per week
 38.5

# Weights about the criteria
#UnderCover:
1

#Overcover:
1

#DutiesPerWeek:
1000

#Shifts:
15

#Fitness of assumed optimal Solution:
# 165

#Optimal Solution:
#Shift Start Length Duties:
# 1:  6:30    435       3  3  3  3  3  5  5
# 2:  5:30    435       5  5  5  5  5  5  0
# 3:  7:45    420       5  5  5  5  5  4  0
# 4:  7:30    540       1  1  1  1  1  1  1
# 5:  10:15    450       0  0  0  0  0  2  2
# 6:  10:45    435       2  1  1  1  1  4  4
# 7:  14:30    465       4  4  4  4  4  4  4
# 8:  14:0    510       4  4  4  4  4  4  4
# 9:  14:15    420       2  2  2  2  2  2  2
# 10:  13:45    525       5  5  5  5  5  4  3
# 11:  13:45    480       2  2  2  2  2  0  0
