#MinuteInterval:
15

#DaysPerCycle:
7

#FlagCyclical: yes or no
yes

#Requirements:
14 14 14 14 14 14 14 14 14 14 14 14 14 14 14 14 14 14 10 10 7 3 3 3 3 3 3 8 8 8 8 8 8 8 8 8 8 8 9 9 9 14 14 14 19 19 19 19 19 19 19 19 19 19 19 19 19 19 19 19 19 16 11 11 11 11 11 11 11 11 11 6 5 5 5 5 5 5 0 0 0 0 0 0 4 4 4 4 5 5 7 7 7 7 7 7 7 7 7 7 7 7 7 7 7 7 7 7 7 7 7 7 7 7 3 3 3 2 2 2 2 2 2 7 7 7 8 8 8 8 8 8 8 8 9 9 9 14 14 14 19 19 19 19 19 19 19 19 19 19 19 19 19 19 19 19 19 16 11 11 11 11 11 11 11 11 11 6 5 5 5 5 5 5 0 0 0 0 0 0 4 4 4 4 5 5 6 6 6 6 6 6 6 6 6 6 6 6 6 6 6 6 6 6 6 6 6 6 6 6 2 2 2 1 1 1 1 1 1 6 6 6 8 8 8 8 8 8 8 8 9 9 9 14 14 14 19 19 19 19 19 19 19 19 19 19 19 19 19 19 19 19 19 16 11 11 11 11 11 11 11 11 11 6 5 5 5 5 5 5 0 0 0 0 0 0 4 4 4 4 5 5 6 6 6 6 6 6 6 6 6 6 6 6 6 6 6 6 6 6 6 6 6 6 6 6 2 2 2 1 1 1 1 1 1 6 6 6 6 6 6 6 6 6 6 6 7 7 7 12 12 12 13 13 13 13 13 13 13 13 13 13 13 13 13 13 13 13 13 12 7 7 7 7 7 7 7 7 7 2 1 1 1 1 1 1 0 0 0 0 0 0 4 4 4 4 5 5 6 6 6 6 6 6 6 6 6 6 6 6 6 6 6 6 6 6 6 6 6 6 6 6 2 2 2 1 1 1 1 1 1 6 6 6 8 8 8 8 8 8 8 8 9 9 9 14 14 14 19 19 19 19 19 19 19 19 19 19 19 19 19 19 19 19 19 16 11 11 11 11 11 11 11 11 11 6 5 5 5 5 5 5 0 0 0 0 0 0 4 4 4 4 5 5 6 6 6 6 6 6 6 6 6 6 6 6 6 6 6 6 6 6 6 6 6 6 6 6 2 2 2 1 1 1 1 1 1 3 3 3 5 5 5 5 5 5 5 5 6 6 6 11 11 11 16 16 16 16 16 16 16 16 16 16 16 16 16 16 16 16 16 13 11 11 11 11 11 11 11 11 11 6 5 5 5 5 5 5 0 0 0 0 0 0 4 7 7 7 11 11 14 14 14 14 14 14 14 14 14 14 14 14 14 14 14 14 14 14 14 14 14 14 14 14 10 10 7 3 3 3 3 3 3 5 5 9 9 9 9 9 9 9 9 9 10 10 10 15 15 15 20 20 20 20 20 20 20 20 20 20 20 20 20 20 20 16 16 13 11 11 11 11 11 11 11 11 11 6 5 5 5 5 5 5 0 0 0 0 0 0 4 7 7 7 11 11 14 14 14 14 14 14

#Number of shift templates
4

#Shift templates
#Abbr, Full name, Start, + Minutes,  -Minutes, Length, +Minutes, -Minutes, available days
F Frühschicht 6:0 120 60 480 60 60 *
T Tagschicht 10:0 60 60 480 60 60 *
S Spätschicht 14:0 60 60 480 60 60 *
N Nachtschicht 22:0 60 60 480 60 60 *

#Duties per week: Lower limit, Upper limit
3 5

# Average number of hours per week
 38.5

# Weights about the criteria
#UnderCover:
1

#Overcover:
1

#DutiesPerWeek:
1000

#Shifts:
15

#Fitness of assumed optimal Solution:
# 150

#Optimal Solution:
#Shift Start Length Duties:
# 1:  7:30    465       3  3  3  1  3  3  3
# 2:  7:15    450       0  0  0  0  0  0  4
# 3:  6:45    525       5  5  5  5  5  2  2
# 4:  10:15    450       5  5  5  5  5  5  5
# 5:  11:0    510       5  5  5  1  5  5  5
# 6:  9:30    510       1  1  1  1  1  1  1
# 7:  21:0    450       4  4  4  4  4  4  4
# 8:  22:0    435       1  1  1  1  1  4  4
# 9:  22:30    540       2  1  1  1  1  3  3
# 10:  21:15    465       0  0  0  0  0  3  3
