#MinuteInterval:
15

#DaysPerCycle:
7

#FlagCyclical: yes or no
yes

#Requirements:
13 13 13 13 13 13 13 13 13 13 13 13 13 13 13 13 13 13 13 8 8 8 3 3 3 5 9 9 9 6 6 6 9 9 9 9 9 9 9 9 9 9 9 9 9 9 9 9 9 9 9 9 9 9 12 14 14 19 19 17 13 13 13 10 10 10 10 10 10 10 10 10 10 10 10 10 10 10 10 10 10 10 10 8 5 5 6 6 6 11 11 10 10 10 10 10 10 10 10 10 10 10 10 10 10 10 10 10 10 10 10 10 10 10 10 9 9 9 4 4 4 6 10 10 10 6 6 6 9 9 9 9 9 9 9 9 9 9 9 9 9 9 9 9 9 9 9 9 9 9 12 14 14 19 19 17 13 13 13 10 10 10 10 10 10 10 10 10 10 10 10 10 10 10 10 10 10 10 10 8 5 5 6 6 6 11 11 10 10 10 10 10 10 10 10 10 10 10 10 10 10 10 10 10 10 10 10 10 10 10 10 9 9 9 4 4 4 6 10 10 10 6 6 6 9 9 9 9 9 9 9 9 9 9 9 9 9 9 9 9 9 9 9 9 9 9 12 14 14 19 19 17 13 13 13 10 10 10 10 10 10 10 10 10 10 10 10 10 10 10 10 10 10 10 10 8 5 5 6 6 6 11 11 10 10 10 10 10 10 10 10 10 10 10 10 10 10 10 10 10 10 10 10 10 10 10 10 9 9 9 4 4 4 6 10 10 10 6 6 6 9 9 9 9 9 9 9 9 9 9 9 9 9 9 9 9 9 9 9 9 9 9 12 14 14 19 19 17 13 13 13 10 10 10 10 10 10 10 10 10 10 10 10 10 10 10 10 10 10 10 10 8 5 5 6 6 6 11 11 10 10 10 10 10 10 10 10 10 10 10 10 10 10 10 10 10 10 10 10 10 10 10 10 9 9 9 4 4 4 6 6 6 6 2 2 2 5 5 5 5 5 5 5 5 5 5 5 5 5 5 5 5 5 5 5 5 5 5 8 10 10 15 15 13 13 13 13 10 10 10 10 10 10 10 10 10 10 10 10 10 10 10 10 10 10 10 10 8 5 5 6 6 6 11 11 10 10 10 10 10 10 10 10 10 10 10 10 10 10 10 10 10 10 10 10 10 10 10 10 9 9 11 6 6 6 8 8 8 8 4 4 4 7 7 7 7 7 7 7 7 7 7 7 7 7 7 7 7 7 7 7 7 7 7 5 7 7 12 12 10 10 10 10 7 7 7 7 7 7 7 7 7 7 7 7 7 7 7 7 7 7 7 7 5 5 5 5 5 5 6 6 4 4 4 4 4 4 4 4 4 4 4 4 4 4 4 4 4 4 4 4 4 4 4 4 4 4 6 5 5 5 7 7 7 7 4 4 4 7 7 7 7 7 7 7 7 7 7 7 7 7 7 7 7 7 7 7 7 7 7 5 7 7 12 12 10 10 10 10 7 7 7 7 7 7 7 7 7 7 7 7 7 7 7 7 7 7 7 7 5 5 5 10 10 10 15 15 13 13 13 13 13

#Number of shift templates
4

#Shift templates
#Abbr, Full name, Start, + Minutes,  -Minutes, Length, +Minutes, -Minutes, available days
F Frühschicht 6:0 120 60 480 60 60 *
T Tagschicht 10:0 60 60 480 60 60 *
S Spätschicht 14:0 60 60 480 60 60 *
N Nachtschicht 22:0 60 60 480 60 60 *

#Duties per week: Lower limit, Upper limit
3 5

# Average number of hours per week
 38.5

# Weights about the criteria
#UnderCover:
1

#Overcover:
1

#DutiesPerWeek:
1000

#Shifts:
15

#Fitness of assumed optimal Solution:
# 150

#Optimal Solution:
#Shift Start Length Duties:
# 1:  6:15    510       2  2  2  2  2  2  2
# 2:  6:30    510       4  4  4  4  0  0  0
# 3:  8:0    465       3  3  3  3  3  3  3
# 4:  5:15    495       0  0  0  0  0  2  2
# 5:  13:30    450       3  3  3  3  3  0  0
# 6:  14:15    510       5  5  5  5  5  5  5
# 7:  13:45    420       2  2  2  2  2  2  2
# 8:  22:45    510       4  4  4  4  4  3  3
# 9:  22:15    435       5  5  5  5  5  1  5
# 10:  21:30    435       1  1  1  1  1  0  5
