#MinuteInterval:
15

#DaysPerCycle:
7

#FlagCyclical: yes or no
yes

#Requirements:
5 5 5 5 5 5 5 5 5 5 5 5 5 5 5 5 5 5 5 5 0 0 3 3 5 5 5 5 5 5 5 5 5 5 5 5 5 5 5 9 9 9 11 11 13 13 13 13 13 13 13 13 13 13 13 13 13 10 10 10 8 8 8 8 8 8 8 8 8 8 6 6 6 6 2 2 2 2 2 0 0 0 0 0 0 0 2 2 2 2 2 2 2 2 2 2 2 2 2 2 2 2 2 2 2 2 2 2 2 2 2 2 2 2 2 2 0 0 0 0 2 2 2 2 2 2 2 2 2 2 2 2 2 2 2 6 6 6 8 8 11 11 11 11 11 11 11 11 11 11 11 11 11 11 11 11 9 9 9 9 9 9 9 9 9 9 7 7 7 7 3 3 3 3 3 0 0 0 0 0 0 0 2 2 2 2 2 2 2 2 2 2 2 2 2 2 2 2 2 2 2 2 2 2 2 2 2 2 2 2 2 2 0 0 2 2 4 4 4 4 4 4 4 4 4 4 4 4 4 4 4 5 5 5 7 7 9 9 9 9 9 9 9 9 9 9 9 9 9 7 7 7 5 5 5 5 5 5 5 5 5 5 3 3 3 3 2 2 2 2 2 0 0 0 0 0 0 0 2 2 2 2 2 2 2 2 2 2 2 2 2 2 2 2 2 2 2 2 2 2 2 2 2 2 2 2 2 2 0 0 3 3 5 5 5 5 5 5 5 5 5 5 5 5 5 5 5 9 9 9 11 11 13 13 13 13 13 13 13 13 13 13 13 13 13 10 10 10 10 10 10 10 10 10 10 10 10 10 8 8 8 8 4 4 4 4 4 2 2 2 2 2 2 2 4 4 2 2 2 2 2 2 2 2 2 2 2 2 2 2 2 2 2 2 2 2 2 2 2 2 2 2 2 2 0 0 3 3 5 5 5 5 5 5 5 5 5 5 5 5 5 5 5 9 9 9 11 11 13 13 13 13 13 13 13 13 13 13 13 13 13 10 10 10 8 8 8 8 8 8 8 8 8 8 6 6 6 6 2 2 2 2 2 0 0 0 0 0 0 0 2 2 2 2 2 2 2 2 2 2 2 2 2 2 2 2 2 2 2 2 2 2 2 2 2 2 2 2 2 2 0 0 3 3 5 5 5 5 5 5 5 5 5 5 5 5 5 5 5 9 9 9 9 9 14 14 14 14 14 14 14 14 14 14 14 14 14 11 11 11 13 13 13 13 13 13 13 13 13 13 13 13 13 13 9 9 9 9 9 4 4 4 4 4 4 4 9 9 5 5 5 5 5 5 5 5 5 5 5 5 5 5 5 5 5 5 5 5 5 5 5 5 5 5 5 5 0 0 3 3 5 5 5 5 5 5 5 5 5 5 5 5 5 5 5 9 9 9 9 9 14 14 14 14 14 14 14 14 14 14 14 14 14 11 11 11 13 13 13 13 13 13 13 13 13 13 13 13 13 13 9 9 9 9 9 4 4 4 4 4 4 4 9 9 5 5 5 5 5 5 5 5

#Number of shift templates
4

#Shift templates
#Abbr, Full name, Start, + Minutes,  -Minutes, Length, +Minutes, -Minutes, available days
F Frühschicht 6:0 120 60 480 60 60 *
T Tagschicht 10:0 60 60 480 60 60 *
S Spätschicht 14:0 60 60 480 60 60 *
N Nachtschicht 22:0 60 60 480 60 60 *

#Duties per week: Lower limit, Upper limit
3 5

# Average number of hours per week
 38.5

# Weights about the criteria
#UnderCover:
1

#Overcover:
1

#DutiesPerWeek:
1000

#Shifts:
15

#Fitness of assumed optimal Solution:
# 105

#Optimal Solution:
#Shift Start Length Duties:
# 1:  6:0    540       2  2  2  2  2  2  2
# 2:  5:30    525       3  0  2  3  3  3  3
# 3:  11:0    525       2  3  2  2  2  5  5
# 4:  9:45    525       4  4  1  4  4  4  4
# 5:  10:30    420       2  2  2  2  2  0  0
# 6:  15:0    420       0  0  0  2  0  4  4
# 7:  21:30    450       2  2  2  2  2  5  5
