#MinuteInterval:
30

#DaysPerCycle:
7

#FlagCyclical: yes or no
yes

#Requirements:
12 12 12 12 12 12 12 12 7 6 7 11 15 12 12 11 13 13 13 13 13 18 21 21 20 20 20 16 16 17 21 21 21 21 19 19 18 17 14 11 11 11 9 14 14 18 18 18 14 14 14 14 14 14 14 14 12 8 9 13 16 12 12 11 13 13 13 13 13 18 25 25 24 24 24 20 20 21 25 25 25 25 23 23 18 17 14 11 11 11 7 11 11 15 15 15 11 11 11 11 11 11 11 11 11 7 8 12 16 12 12 11 13 13 13 13 13 18 21 21 20 20 20 16 16 17 21 21 21 21 19 19 18 17 14 11 11 11 7 12 12 16 16 16 12 12 12 12 12 12 12 12 12 8 9 13 16 12 12 11 13 13 13 13 13 18 21 21 20 20 20 16 16 17 21 21 21 21 19 19 18 17 14 11 11 11 7 12 12 16 16 16 12 12 12 12 12 12 12 12 12 8 9 13 16 12 12 11 13 13 13 13 13 19 22 22 21 21 21 17 17 18 22 22 22 22 20 20 19 17 14 11 11 11 7 12 12 16 16 16 12 12 12 12 12 12 12 12 12 8 9 13 16 12 12 11 15 15 15 15 15 21 26 26 25 25 24 20 20 19 23 23 23 23 19 19 18 17 13 8 8 8 7 9 9 14 14 14 10 10 10 10 10 10 10 10 8 6 7 11 15 12 12 11 15 15 15 15 15 20 25 25 24 24 23 19 19 18 22 22 22 22 18 18 17 16 13 8 8 8 10 11 11 16 16 16

#Number of shift templates
4

#Shift templates
#Abbr, Full name, Start, + Minutes,  -Minutes, Length, +Minutes, -Minutes, available days
F Frühschicht 6:0 120 60 480 60 60 *
T Tagschicht 10:0 60 60 480 60 60 *
S Spätschicht 14:0 60 60 480 60 60 *
N Nachtschicht 22:0 60 60 480 60 60 *

#Duties per week: Lower limit, Upper limit
3 5

# Average number of hours per week
 38.5

# Weights about the criteria
#UnderCover:
1

#Overcover:
1

#DutiesPerWeek:
1000

#Shifts:
30

#Fitness of assumed optimal Solution:
# 540

#Optimal Solution:
#Shift Start Length Duties:
# 1:  5:30    450       4  4  4  4  4  4  4
# 2:  8:0    540       2  2  2  2  2  4  4
# 3:  7:30    420       2  2  2  2  2  2  2
# 4:  6:0    450       4  4  4  4  4  4  4
# 5:  5:0    420       1  1  1  1  1  1  1
# 6:  10:30    510       3  3  3  3  3  4  3
# 7:  11:0    420       0  4  0  0  0  0  0
# 8:  11:0    510       3  3  3  3  3  5  5
# 9:  10:30    450       1  1  1  1  1  1  1
# 10:  10:30    480       1  1  1  1  2  1  1
# 11:  13:0    480       4  4  4  4  4  3  3
# 12:  14:30    480       3  3  3  3  3  1  1
# 13:  15:0    540       4  4  4  4  4  4  4
# 14:  21:0    420       2  0  0  0  0  2  5
# 15:  22:30    480       4  4  4  4  4  3  3
# 16:  21:30    510       1  0  1  1  1  0  0
# 17:  22:30    540       3  3  3  3  3  3  3
# 18:  21:30    420       4  4  4  4  4  2  1
