#MinuteInterval:
15

#DaysPerCycle:
7

#FlagCyclical: yes or no
yes

#Requirements:
3 3 3 3 3 3 3 3 3 3 3 3 3 3 3 3 2 2 2 2 2 2 2 7 7 7 7 7 7 7 7 7 7 12 12 17 17 17 21 21 21 21 21 25 25 25 25 25 29 30 30 30 30 30 30 35 33 33 28 28 28 28 28 28 28 23 23 23 23 23 23 23 23 23 23 10 10 6 6 6 5 5 5 5 5 5 7 7 7 7 7 8 3 3 3 3 3 3 3 3 3 3 3 3 3 3 3 3 3 3 3 3 2 2 2 1 1 1 1 6 6 7 7 7 7 7 7 7 7 11 11 16 16 16 20 20 20 20 20 22 22 22 22 22 26 27 27 27 27 27 27 31 29 29 24 24 24 24 24 24 24 20 20 20 20 20 20 20 20 20 20 7 7 5 5 5 4 4 4 4 4 4 6 6 6 6 6 7 3 3 3 3 3 3 3 3 3 3 3 3 3 3 3 3 3 3 3 3 2 2 2 1 1 1 1 1 1 2 2 2 2 2 2 2 2 7 7 12 12 12 16 16 16 16 16 18 18 18 18 18 22 23 23 23 23 23 23 27 25 25 25 25 25 25 25 25 25 20 20 20 20 20 20 20 20 20 20 7 7 5 5 5 4 4 4 4 4 4 6 6 6 6 6 7 3 3 3 3 3 3 3 3 3 3 3 3 3 3 3 3 3 3 3 3 2 2 2 1 1 1 1 4 4 5 5 5 5 5 5 5 5 10 10 15 15 15 19 19 19 19 19 21 21 21 21 21 25 26 26 26 26 26 26 30 28 28 25 25 25 25 25 25 25 20 20 20 20 20 20 20 20 20 20 7 7 5 5 5 4 4 4 4 4 4 6 6 6 6 6 7 3 3 3 3 3 3 3 3 3 3 3 3 3 3 3 3 3 3 3 3 2 2 2 1 1 1 1 6 6 7 7 7 7 7 7 7 7 12 12 17 17 17 20 20 20 20 20 22 22 22 22 22 26 30 30 30 30 30 30 34 32 32 27 27 27 27 27 27 27 22 22 22 22 22 22 22 22 22 22 10 10 8 8 8 4 4 4 4 4 4 6 6 6 6 6 7 3 3 3 3 3 3 3 3 3 3 3 3 3 3 3 3 3 3 3 3 2 2 2 1 1 1 1 3 3 5 5 5 5 5 5 5 5 10 10 15 15 15 19 19 19 19 19 21 21 21 21 21 26 29 29 29 29 29 29 30 27 27 25 25 25 25 25 25 25 20 20 20 20 20 20 20 20 20 20 6 6 4 4 4 1 1 1 1 1 1 4 4 4 4 4 4 3 3 3 3 3 3 3 3 3 3 3 3 3 3 3 3 3 3 3 3 2 2 2 2 2 2 2 4 4 5 5 5 5 5 5 5 5 10 10 15 15 15 19 19 19 19 19 21 21 21 21 21 26 29 29 29 29 29 29 30 27 27 25 25 25 25 25 25 25 20 20 20 20 20 20 20 20 20 20 6 6 4 4 4 1 1 1 1 1 1 4 4 4 4 4 4 3 3 3 3

#Number of shift templates
4

#Shift templates
#Abbr, Full name, Start, + Minutes,  -Minutes, Length, +Minutes, -Minutes, available days
M MorningShift 6:0 120 60 480 60 60 *
D Dayshift 10:0 60 60 480 60 60 *
E Eveningshift 14:0 60 60 480 60 60 *
N Nightshift 22:0 60 60 480 60 60 *

#Duties per week: Lower limit, Upper limit
4.8 5

# Average number of hours per week
 38

# Weights about the criteria
#UnderCover:
1

#Overcover:
1

#DutiesPerWeek:
0

#Shifts:
15

#Fitness of assumed optimal Solution:

#Optimal Solution:
#Shift Start Length Duties:
# 1:  6:15    465       2  2  2  2  2  3  3
# 2:  5:45    525       5  5  0  3  5  2  2
# 3:  8:15    480       5  4  5  5  5  5  5
# 4:  10:45    510       4  2  2  2  2  2  2
# 5:  9:30    555       4  4  4  4  3  4  4
# 6:  8:45    600       5  5  5  5  5  5  5
# 7:  12:0    405       4  4  4  4  4  5  5
# 8:  12:15    465       1  1  1  1  4  3  3
# 9:  13:45    555       5  4  4  4  4  1  1
# 10:  21:30    390       1  1  1  1  1  1  1
# 11:  21:30    525       1  1  1  1  1  2  2
# 12:  22:45    360       1  1  1  1  1  0  0
