#MinuteInterval:
30

#DaysPerCycle:
7

#FlagCyclical: yes or no
yes

#Requirements:
16 14 10 10 10 10 10 10 15 15 19 19 20 17 19 19 22 22 22 22 22 27 27 27 20 22 21 21 17 13 16 18 17 19 17 12 12 12 12 12 16 16 17 17 20 18 18 18 18 16 14 14 14 14 14 14 19 19 23 19 20 17 15 15 19 22 22 22 22 27 27 30 23 25 24 24 20 16 19 21 20 22 20 15 15 15 15 15 19 19 20 20 24 19 19 19 19 17 15 15 15 15 15 15 20 20 24 20 21 18 19 19 21 21 21 21 21 23 23 23 13 15 18 18 14 10 13 15 14 16 14 12 12 12 12 12 16 16 17 17 21 19 19 19 19 17 15 15 15 15 15 15 20 20 24 20 21 18 16 16 22 22 22 22 22 27 27 27 20 22 21 21 17 13 16 18 17 19 17 12 12 12 12 12 13 13 14 14 18 16 16 16 16 14 12 12 12 12 12 12 16 16 20 16 17 14 15 15 21 21 21 21 21 26 26 26 20 22 21 21 17 13 16 18 17 18 16 11 11 11 11 11 15 15 16 16 20 18 18 18 18 17 15 15 15 15 15 15 19 19 21 17 18 15 15 15 22 22 22 22 22 27 27 29 21 23 20 20 18 14 19 21 20 22 20 15 15 15 15 15 13 13 11 11 18 14 14 14 14 12 10 10 10 10 10 10 13 13 15 15 16 13 19 19 22 22 22 22 22 27 27 29 22 26 24 24 22 18 23 27 24 26 24 19 19 19 19 19 17 17 15 15 22 16 16 16

#Number of shift templates
4

#Shift templates
#Abbr, Full name, Start, + Minutes,  -Minutes, Length, +Minutes, -Minutes, available days
M MorningShift 6:0 120 60 480 60 60 *
D Dayshift 10:0 60 60 480 60 60 *
E Eveningshift 14:0 60 60 480 60 60 *
N Nightshift 22:0 60 60 480 60 60 *

#Duties per week: Lower limit, Upper limit
4.8 5

# Average number of hours per week
 38

# Weights about the criteria
#UnderCover:
1

#Overcover:
1

#DutiesPerWeek:
0

#Shifts:
30

#Fitness of assumed optimal Solution:

#Optimal Solution:
#Shift Start Length Duties:
# 1:  4:0    480       5  5  5  5  4  4  3
# 2:  6:0    360       1  1  1  1  1  1  1
# 3:  8:0    300       4  4  0  4  4  5  4
# 4:  8:0    540       2  2  2  2  2  2  2
# 5:  5:0    540       4  4  4  4  4  2  2
# 6:  7:0    300       1  1  4  1  1  3  3
# 7:  7:0    540       1  1  1  1  1  1  3
# 8:  8:30    360       4  4  4  4  4  4  4
# 9:  10:30    420       5  5  2  5  5  5  5
# 10:  13:0    480       3  3  3  3  3  2  2
# 11:  15:30    570       2  2  2  2  2  2  4
# 12:  12:30    600       2  2  2  2  2  2  4
# 13:  11:30    660       0  3  0  0  0  2  2
# 14:  16:30    480       2  2  2  2  1  2  2
# 15:  15:0    300       3  3  3  3  3  5  5
# 16:  20:0    630       3  3  3  3  3  3  3
# 17:  21:0    510       4  4  4  4  4  0  0
# 18:  22:0    630       1  4  4  4  4  4  4
# 19:  22:0    600       2  0  0  0  0  3  3
# 20:  20:0    660       4  4  4  1  4  0  0
