#MinuteInterval:
30

#DaysPerCycle:
7

#FlagCyclical: yes or no
yes

#Requirements:
11 11 11 11 11 11 13 17 17 13 12 12 12 12 10 10 10 8 8 11 13 13 14 14 18 21 21 22 22 18 21 20 20 20 20 19 19 16 16 16 20 17 13 13 13 14 18 13 13 13 13 13 13 13 17 21 21 17 12 12 12 12 12 12 12 8 8 11 13 13 14 14 18 21 21 22 22 18 21 20 20 20 20 19 19 16 16 16 20 17 13 13 13 14 18 13 13 13 13 13 13 13 17 21 21 17 12 12 12 12 12 12 12 8 8 11 13 13 14 14 18 21 21 22 22 18 21 20 20 20 20 19 19 16 16 16 20 17 13 13 13 14 18 13 13 13 13 13 13 13 17 21 21 17 12 12 12 12 12 12 12 8 8 11 13 13 14 14 18 21 21 22 22 18 21 20 20 20 20 19 19 16 16 16 17 14 10 10 10 11 15 10 10 10 10 10 10 10 14 18 18 14 12 12 12 12 12 12 12 8 12 15 17 17 18 18 22 25 25 26 26 22 25 24 20 20 20 19 19 16 16 16 20 17 13 13 13 14 18 13 18 18 18 18 18 18 18 22 22 18 13 13 13 13 8 8 8 8 11 16 18 18 22 22 26 26 26 28 28 24 27 26 23 23 23 19 19 14 14 14 13 13 9 9 9 10 14 9 14 14 14 14 14 14 18 22 22 18 17 17 17 17 12 12 12 8 10 15 17 17 21 21 22 22 22 24 24 20 23 25 20 20 20 16 16 11 11 11 10 10 9 9 9 10 14 9

#Number of shift templates
4

#Shift templates
#Abbr, Full name, Start, + Minutes,  -Minutes, Length, +Minutes, -Minutes, available days
M MorningShift 6:0 120 60 480 60 60 *
D Dayshift 10:0 60 60 480 60 60 *
E Eveningshift 14:0 60 60 480 60 60 *
N Nightshift 22:0 60 60 480 60 60 *

#Duties per week: Lower limit, Upper limit
4.8 5

# Average number of hours per week
 38

# Weights about the criteria
#UnderCover:
1

#Overcover:
1

#DutiesPerWeek:
0

#Shifts:
30

#Fitness of assumed optimal Solution:

#Optimal Solution:
#Shift Start Length Duties:
# 1:  3:30    660       4  4  4  4  4  4  4
# 2:  9:0    420       0  0  0  0  4  3  5
# 3:  3:0    330       2  4  4  4  4  0  4
# 4:  10:0    300       2  2  2  2  2  2  2
# 5:  12:0    540       4  4  4  4  4  4  1
# 6:  11:0    390       1  1  1  1  1  4  4
# 7:  9:30    540       3  3  3  3  3  5  5
# 8:  9:0    390       4  4  4  4  4  4  1
# 9:  15:0    510       5  5  5  5  5  5  5
# 10:  12:30    480       3  3  3  3  3  0  0
# 11:  13:30    390       1  1  1  1  1  2  2
# 12:  15:30    420       3  3  3  3  3  3  3
# 13:  22:30    630       4  4  4  4  4  4  4
# 14:  20:0    540       5  5  5  2  5  1  1
# 15:  23:0    330       4  4  4  4  4  4  4
# 16:  0:0    420       2  0  0  0  0  5  5
