#MinuteInterval:
30

#DaysPerCycle:
7

#FlagCyclical: yes or no
yes

#Requirements:
21 21 21 21 18 16 17 13 17 18 18 13 18 18 21 21 21 23 24 21 16 16 11 11 16 16 22 22 20 20 16 18 18 17 17 17 17 15 15 19 14 17 17 17 17 22 20 18 18 18 18 18 16 14 15 15 19 14 14 9 14 14 17 17 17 19 20 23 18 18 13 13 18 18 24 24 23 23 17 19 19 18 18 18 18 16 16 20 15 18 18 18 18 23 20 18 18 18 18 18 16 14 15 15 19 18 18 13 18 18 21 21 21 23 24 23 18 18 13 13 18 18 24 24 22 22 16 18 18 17 17 17 17 15 15 19 14 17 17 17 17 22 20 18 18 18 18 18 16 14 15 15 19 18 18 13 14 14 17 17 17 19 20 19 14 14 13 13 18 18 24 24 22 22 16 18 18 17 17 17 17 15 15 19 14 17 17 17 17 22 20 18 18 18 18 18 16 14 15 15 19 18 18 13 18 18 21 21 21 23 24 23 18 18 13 13 18 18 24 24 22 22 16 18 18 17 17 17 17 15 15 19 14 20 20 20 20 25 23 21 21 21 21 21 16 14 13 13 17 16 16 11 11 11 14 14 14 19 22 18 15 15 15 16 19 19 24 24 22 22 19 21 21 18 22 22 22 17 20 24 21 22 22 22 22 21 19 18 18 18 18 18 15 13 12 8 12 13 13 11 11 11 12 12 12 17 18 14 11 11 11 12 15 15 20 20 21 21 20 22 22 21 25 25 25 20 23 27 24 28 28 28 28 27 22 21

#Number of shift templates
4

#Shift templates
#Abbr, Full name, Start, + Minutes,  -Minutes, Length, +Minutes, -Minutes, available days
M MorningShift 6:0 120 60 480 60 60 *
D Dayshift 10:0 60 60 480 60 60 *
E Eveningshift 14:0 60 60 480 60 60 *
N Nightshift 22:0 60 60 480 60 60 *

#Duties per week: Lower limit, Upper limit
4.8 5

# Average number of hours per week
 38

# Weights about the criteria
#UnderCover:
1

#Overcover:
1

#DutiesPerWeek:
0

#Shifts:
30

#Fitness of assumed optimal Solution:

#Optimal Solution:
#Shift Start Length Duties:
# 1:  6:0    300       5  5  5  1  5  0  0
# 2:  7:0    480       3  3  3  3  3  3  1
# 3:  3:0    420       5  5  5  5  5  3  3
# 4:  4:30    300       4  0  4  4  4  4  4
# 5:  4:0    600       4  4  4  4  4  4  4
# 6:  9:30    330       1  3  3  3  3  0  0
# 7:  11:30    660       0  0  0  0  0  1  1
# 8:  9:0    450       1  1  1  1  1  3  1
# 9:  8:30    600       2  2  2  2  2  5  5
# 10:  12:0    480       5  5  5  5  5  3  3
# 11:  17:0    630       0  0  0  0  0  4  4
# 12:  15:30    660       2  2  2  2  2  2  2
# 13:  13:0    630       2  2  2  2  2  1  1
# 14:  13:0    450       4  4  4  4  4  4  4
# 15:  14:0    540       2  3  2  2  2  2  5
# 16:  22:30    360       5  5  5  5  5  0  0
# 17:  20:30    540       5  5  5  5  5  2  5
# 18:  20:30    330       2  2  2  2  5  3  3
# 19:  19:30    450       4  4  4  4  4  4  4
# 20:  19:0    570       0  0  0  0  0  3  3
