#MinuteInterval:
15

#DaysPerCycle:
7

#FlagCyclical: yes or no
yes

#Requirements:
7 7 7 7 7 7 7 7 7 7 7 7 7 7 7 7 7 7 7 7 7 7 7 3 2 2 2 2 6 4 4 4 8 8 8 12 17 17 17 17 17 23 23 23 23 23 23 23 23 23 23 23 27 27 27 27 23 27 27 27 27 27 27 30 30 30 30 30 30 29 20 16 16 16 16 16 11 11 11 11 11 11 11 7 12 15 11 11 11 11 11 8 8 8 10 10 10 10 10 10 10 10 10 10 10 10 10 10 10 10 10 10 10 10 10 10 10 10 10 7 2 2 2 2 6 4 4 4 8 8 8 12 17 17 17 17 17 26 26 26 26 26 26 26 26 26 26 26 30 30 30 30 26 26 26 26 26 26 26 29 29 29 29 29 29 25 16 12 12 12 12 12 7 7 7 7 7 7 7 3 4 7 7 7 7 7 7 4 4 4 6 6 6 6 6 6 6 6 6 6 6 6 6 6 6 6 6 6 6 6 6 6 6 6 6 3 2 2 2 2 6 4 4 4 8 8 8 12 17 17 17 17 17 26 26 26 26 26 26 26 26 26 26 26 30 30 30 30 26 26 26 26 26 26 26 29 29 29 29 29 29 25 16 12 12 12 12 12 7 7 7 7 7 7 7 3 6 9 9 9 9 9 9 6 6 6 8 8 8 8 8 8 8 8 8 8 8 8 8 8 8 8 8 8 8 8 8 8 8 8 8 5 2 2 2 2 6 4 4 4 8 8 8 12 17 17 17 17 17 26 26 26 26 26 26 26 26 26 26 26 30 30 30 30 26 26 26 26 26 26 26 29 29 29 29 29 29 25 16 12 12 12 12 12 7 7 7 7 7 7 7 3 4 7 7 7 7 7 7 4 4 4 6 6 6 6 6 6 6 6 6 6 6 6 6 6 6 6 6 6 6 6 6 6 6 6 6 3 2 2 2 2 6 4 4 4 8 8 8 12 17 17 17 17 17 26 26 26 26 26 26 26 26 26 26 26 30 30 30 30 26 26 26 26 26 26 26 29 29 29 29 29 29 25 16 12 12 12 12 12 7 7 7 7 7 7 7 3 4 7 7 7 7 7 7 4 4 4 6 6 6 6 6 6 6 6 6 6 6 6 6 6 6 6 6 6 6 6 6 6 6 6 6 3 2 2 2 2 3 1 1 1 3 3 3 7 12 12 12 12 12 19 19 19 19 19 19 19 19 19 19 19 22 22 22 22 21 23 23 23 23 23 23 26 26 26 26 26 26 22 15 11 11 11 11 11 8 8 8 8 8 8 8 5 6 10 8 8 8 8 8 5 5 5 7 7 7 7 7 7 7 7 7 7 7 7 7 7 7 7 7 7 7 7 7 7 7 7 7 3 2 2 2 2 6 4 4 4 6 6 6 10 15 15 15 15 15 24 24 24 24 24 24 24 24 24 24 24 27 27 27 27 23 25 25 25 25 25 25 28 28 28 28 28 28 24 17 13 13 13 13 13 8 8 8 8 8 8 8 5 6 10 8 8 8 8 8 5 5 5 7 7

#Number of shift templates
4

#Shift templates
#Abbr, Full name, Start, + Minutes,  -Minutes, Length, +Minutes, -Minutes, available days
M MorningShift 6:0 120 60 480 60 60 *
D Dayshift 10:0 60 60 480 60 60 *
E Eveningshift 14:0 60 60 480 60 60 *
N Nightshift 22:0 60 60 480 60 60 *

#Duties per week: Lower limit, Upper limit
4.8 5

# Average number of hours per week
 38

# Weights about the criteria
#UnderCover:
1

#Overcover:
1

#DutiesPerWeek:
0

#Shifts:
15

#Fitness of assumed optimal Solution:

#Optimal Solution:
#Shift Start Length Duties:
# 1:  7:0    420       4  4  4  4  4  1  4
# 2:  9:0    510       5  5  5  5  5  5  5
# 3:  8:0    570       4  4  4  4  4  2  2
# 4:  10:15    525       5  5  5  5  5  3  5
# 5:  8:45    540       4  4  4  4  4  4  4
# 6:  10:15    420       1  4  4  4  4  4  4
# 7:  13:0    465       4  4  4  4  4  3  3
# 8:  14:15    435       4  0  0  0  0  2  2
# 9:  15:45    420       3  3  3  3  3  3  3
# 10:  23:30    465       2  2  2  2  2  2  2
# 11:  21:0    540       5  1  3  1  1  1  1
# 12:  21:15    510       3  3  3  3  3  4  4
