#MinuteInterval:
15

#DaysPerCycle:
7

#FlagCyclical: yes or no
yes

#Requirements:
18 18 18 14 14 14 14 14 14 14 14 14 14 14 14 14 14 17 17 17 17 21 21 21 17 17 17 17 17 17 17 12 12 13 16 16 16 19 19 19 19 19 19 19 19 19 19 19 19 19 19 16 19 19 14 14 14 13 13 15 15 11 11 11 9 9 9 9 9 9 9 9 8 8 8 5 5 5 5 5 5 10 10 10 8 8 8 9 9 9 6 6 6 7 7 7 7 7 7 7 7 7 7 7 7 7 7 7 7 7 7 7 7 10 10 10 10 14 14 14 13 13 13 13 13 13 13 12 12 13 16 16 16 19 19 19 19 19 19 19 19 19 19 19 19 19 19 16 19 19 14 14 14 13 13 15 15 11 11 11 9 9 9 9 9 9 9 9 8 8 8 5 5 5 5 5 5 10 10 10 8 8 8 11 11 11 8 8 8 9 9 9 9 9 9 9 9 9 9 9 9 9 9 9 9 9 9 9 9 12 12 12 12 17 17 17 16 16 16 16 16 16 16 13 13 14 17 17 17 20 20 20 20 20 20 20 20 20 20 20 20 20 20 17 20 20 15 15 15 14 14 16 16 11 11 11 9 9 9 9 9 9 9 9 8 8 8 5 5 5 5 5 5 10 10 10 8 8 8 9 9 9 6 6 6 7 7 7 7 7 7 7 7 7 7 7 7 7 7 7 7 7 7 7 7 10 10 10 10 14 14 14 13 13 13 13 13 13 13 12 12 13 16 16 16 19 19 19 19 19 19 19 19 19 19 19 19 19 19 21 24 24 19 19 19 18 18 20 20 16 16 16 14 14 14 14 14 14 14 14 13 13 13 10 10 10 10 10 10 15 15 10 8 8 8 9 9 9 6 6 6 7 7 7 7 7 7 7 7 7 7 7 7 7 7 7 7 7 7 7 7 10 10 10 10 14 14 14 13 13 13 13 13 13 13 12 12 13 16 16 16 21 21 21 21 21 21 21 21 21 21 21 21 21 21 18 21 21 16 16 16 15 15 17 17 13 13 13 11 11 11 11 11 11 11 11 10 10 10 5 5 5 5 5 5 10 10 10 8 8 8 9 9 9 6 6 6 7 7 7 7 7 7 7 7 7 7 7 7 7 7 7 7 7 7 7 7 10 10 10 10 14 14 14 13 13 13 13 13 13 13 12 12 15 22 22 22 25 25 27 27 27 27 27 27 27 27 27 27 27 27 24 26 26 21 21 21 18 18 20 24 20 20 20 15 15 15 15 15 15 15 15 13 13 13 10 10 10 10 8 8 13 13 13 11 11 11 16 16 16 14 14 16 20 20 20 20 20 20 16 16 16 16 16 16 16 16 16 16 16 16 16 16 19 19 19 19 23 23 23 19 19 17 17 17 17 17 12 12 15 18 18 18 21 21 23 23 23 23 23 23 23 23 23 23 23 23 20 22 22 17 17 17 14 14 16 20 16 16 16 15 15 15 15 15 15 15 15 13 13 13 10 10 10 10 8 8 13 13 13 11 11 11 16 16 16 14 14 14 18 18 18

#Number of shift templates
4

#Shift templates
#Abbr, Full name, Start, + Minutes,  -Minutes, Length, +Minutes, -Minutes, available days
M MorningShift 6:0 120 60 480 60 60 *
D Dayshift 10:0 60 60 480 60 60 *
E Eveningshift 14:0 60 60 480 60 60 *
N Nightshift 22:0 60 60 480 60 60 *

#Duties per week: Lower limit, Upper limit
4.8 5

# Average number of hours per week
 38

# Weights about the criteria
#UnderCover:
1

#Overcover:
1

#DutiesPerWeek:
0

#Shifts:
15

#Fitness of assumed optimal Solution:

#Optimal Solution:
#Shift Start Length Duties:
# 1:  4:15    510       3  3  3  3  3  3  3
# 2:  8:15    360       1  1  1  1  1  3  3
# 3:  6:15    435       5  5  5  5  5  5  5
# 4:  5:15    600       4  4  5  4  4  4  4
# 5:  8:30    570       1  1  1  1  1  2  2
# 6:  9:45    600       0  0  0  0  0  2  2
# 7:  8:30    450       2  2  2  2  2  5  1
# 8:  9:15    570       3  3  3  3  5  3  3
# 9:  13:0    570       3  3  3  3  3  2  2
# 10:  14:45    375       2  2  2  2  2  2  2
# 11:  15:0    585       0  0  0  0  0  4  4
# 12:  12:45    480       0  0  0  5  0  0  0
# 13:  23:0    450       0  0  0  0  0  2  0
# 14:  23:15    405       1  1  1  1  1  4  4
# 15:  21:45    600       1  3  1  1  1  5  5
# 16:  20:15    600       5  5  5  5  5  5  5
