#MinuteInterval:
30

#DaysPerCycle:
7

#FlagCyclical: yes or no
yes

#Requirements:
16 14 14 14 14 14 14 14 20 18 19 19 19 17 16 20 20 23 23 19 22 20 19 23 28 28 33 34 29 29 29 29 25 25 25 19 19 19 13 7 9 9 9 9 9 9 9 9 16 14 14 14 14 14 14 14 20 16 17 17 17 15 14 18 18 19 19 15 16 10 9 13 18 18 23 24 21 21 23 23 19 19 19 17 17 17 13 7 9 9 9 9 9 9 9 9 18 16 16 16 16 16 16 16 22 21 22 22 22 20 19 23 23 23 23 19 22 16 15 19 24 24 29 30 26 26 25 25 21 21 21 19 19 19 13 7 9 9 9 9 9 9 9 9 16 14 14 14 14 14 14 14 17 16 17 17 17 15 14 18 18 21 21 20 23 17 16 20 25 25 30 31 26 26 25 25 21 21 21 19 19 19 13 7 12 12 12 12 12 12 12 12 19 17 17 17 17 17 17 17 23 22 23 23 23 18 17 21 21 24 24 20 23 17 16 20 25 25 30 31 26 26 27 27 23 23 23 21 21 21 15 9 11 11 11 11 11 11 11 13 19 15 15 15 15 15 15 15 20 17 21 21 21 19 16 20 20 22 22 18 20 16 12 19 24 24 29 30 26 26 27 27 23 23 23 18 18 18 14 6 7 7 7 7 7 7 7 7 13 11 11 11 11 11 11 11 16 15 19 19 19 17 16 20 20 22 22 18 24 20 16 23 28 28 33 34 30 30 31 31 27 27 27 22 22 22 14 8 9 9 9 9 9 9 9 9

#Number of shift templates
4

#Shift templates
#Abbr, Full name, Start, + Minutes,  -Minutes, Length, +Minutes, -Minutes, available days
M MorningShift 6:0 120 60 480 60 60 *
D Dayshift 10:0 60 60 480 60 60 *
E Eveningshift 14:0 60 60 480 60 60 *
N Nightshift 22:0 60 60 480 60 60 *

#Duties per week: Lower limit, Upper limit
4.8 5

# Average number of hours per week
 38

# Weights about the criteria
#UnderCover:
1

#Overcover:
1

#DutiesPerWeek:
0

#Shifts:
30

#Fitness of assumed optimal Solution:

#Optimal Solution:
#Shift Start Length Duties:
# 1:  4:30    630       2  0  3  3  3  1  1
# 2:  4:0    390       2  2  2  2  2  1  1
# 3:  8:30    330       5  3  4  5  5  4  4
# 4:  5:0    360       1  1  1  1  1  4  4
# 5:  4:0    330       4  4  4  1  4  4  4
# 6:  11:30    450       3  3  3  3  3  3  3
# 7:  10:30    420       5  1  1  1  1  1  1
# 8:  7:30    510       4  4  4  4  4  4  4
# 9:  10:0    600       0  0  0  0  0  1  1
# 10:  10:0    540       3  1  3  3  3  1  5
# 11:  15:0    570       2  2  2  2  4  2  2
# 12:  13:0    390       5  5  5  5  5  5  5
# 13:  13:30    600       1  1  1  1  1  1  1
# 14:  11:30    360       1  1  1  1  1  4  4
# 15:  12:0    450       5  5  5  5  5  5  5
# 16:  0:0    510       2  2  4  2  2  2  2
# 17:  19:30    540       4  4  4  4  4  2  4
# 18:  23:30    450       1  1  1  1  3  1  1
# 19:  20:0    630       2  2  2  5  2  2  2
# 20:  0:0    630       5  5  5  5  5  4  4
