#MinuteInterval:
30

#DaysPerCycle:
7

#FlagCyclical: yes or no
yes

#Requirements:
7 10 10 10 10 10 12 12 12 12 12 12 12 12 11 11 11 16 13 22 22 22 19 23 23 22 22 17 17 14 16 16 15 15 15 10 10 10 10 10 6 7 5 4 4 9 10 10 9 12 12 12 12 12 12 12 12 12 12 12 12 12 11 11 11 16 13 22 22 22 19 24 24 23 24 19 19 16 18 18 15 15 15 10 10 10 10 10 5 6 3 2 2 7 8 8 8 11 11 11 11 11 12 12 12 12 12 12 12 12 11 11 11 16 13 22 22 22 19 23 23 22 23 18 18 15 17 17 14 14 14 9 9 9 9 9 5 6 3 2 2 7 8 8 8 11 11 11 11 11 12 12 12 12 12 12 12 12 11 11 11 16 13 22 22 22 19 23 23 22 23 18 18 15 17 17 14 14 14 9 9 9 9 9 5 6 3 2 2 7 8 8 8 11 11 11 11 11 12 12 12 12 12 12 12 12 11 11 11 16 13 22 22 22 19 23 23 22 23 18 18 15 17 17 14 14 14 9 9 9 9 9 5 6 3 2 2 7 8 8 8 11 11 11 11 11 11 11 11 11 11 11 11 14 13 13 13 16 10 14 14 14 11 15 15 15 16 13 13 13 15 12 16 16 16 13 13 13 13 13 9 10 7 6 6 10 13 13 8 11 11 11 11 11 12 12 12 12 12 12 12 12 11 11 11 14 7 11 11 11 8 12 12 12 13 10 10 10 12 12 16 16 16 13 13 13 13 13 9 10 7 6 6 10 12 12

#Number of shift templates
4

#Shift templates
#Abbr, Full name, Start, + Minutes,  -Minutes, Length, +Minutes, -Minutes, available days
M MorningShift 6:0 120 60 480 60 60 *
D Dayshift 10:0 60 60 480 60 60 *
E Eveningshift 14:0 60 60 480 60 60 *
N Nightshift 22:0 60 60 480 60 60 *

#Duties per week: Lower limit, Upper limit
4.8 5

# Average number of hours per week
 38

# Weights about the criteria
#UnderCover:
1

#Overcover:
1

#DutiesPerWeek:
0

#Shifts:
30

#Fitness of assumed optimal Solution:

#Optimal Solution:
#Shift Start Length Duties:
# 1:  3:0    570       2  2  2  2  2  1  1
# 2:  9:30    390       4  4  4  4  4  1  1
# 3:  9:30    480       5  5  5  5  5  3  3
# 4:  6:30    540       0  0  0  0  0  3  0
# 5:  13:0    480       0  1  1  1  1  1  1
# 6:  9:0    330       3  3  3  3  3  0  0
# 7:  8:30    300       5  5  5  5  5  3  3
# 8:  11:30    510       4  5  4  4  4  4  4
# 9:  16:0    480       1  0  0  0  0  5  5
# 10:  12:30    540       1  1  1  1  1  1  1
# 11:  16:0    660       2  1  1  1  1  0  0
# 12:  15:0    360       2  2  2  2  2  2  2
# 13:  23:0    600       1  1  1  1  1  3  2
# 14:  20:30    630       1  1  1  1  1  1  1
# 15:  22:30    630       5  5  5  5  5  4  4
# 16:  0:30    630       3  3  3  3  3  3  3
