#MinuteInterval:
30

#DaysPerCycle:
7

#FlagCyclical: yes or no
yes

#Requirements:
10 10 10 10 10 10 10 10 10 10 7 12 12 13 8 8 10 10 12 12 12 12 12 16 15 20 20 20 20 20 22 22 22 23 23 23 23 23 23 23 24 22 22 22 17 15 15 15 14 14 14 14 14 14 14 14 14 10 7 12 12 13 8 8 10 10 13 13 13 13 13 17 16 21 23 23 23 23 24 24 24 25 25 25 25 25 25 25 25 23 23 23 18 14 14 15 14 14 14 14 14 14 14 14 14 10 7 12 12 13 8 8 10 10 13 13 13 13 13 16 15 20 22 22 22 22 23 23 23 24 24 24 24 24 24 24 24 22 22 23 18 14 14 15 14 14 14 14 14 14 14 14 14 10 7 9 9 9 4 4 6 6 9 9 9 9 9 13 15 21 23 23 23 23 24 24 24 25 25 25 25 25 25 25 25 23 23 23 18 14 14 12 11 11 11 11 11 11 11 11 11 7 4 9 9 10 8 8 10 10 13 13 13 13 13 17 16 21 23 23 23 23 26 26 26 27 27 27 27 27 27 27 27 24 24 24 19 15 15 14 13 13 13 13 13 13 13 13 16 12 9 11 11 12 7 7 9 9 9 9 9 9 9 9 9 13 11 11 11 11 9 9 9 11 11 11 11 11 11 11 14 14 14 14 14 12 12 12 10 10 10 10 10 10 10 10 11 11 8 10 10 11 6 6 8 8 8 8 8 8 8 8 8 17 16 16 16 16 16 16 16 18 18 18 18 18 18 18 21 21 21 21 16 14 14 12

#Number of shift templates
4

#Shift templates
#Abbr, Full name, Start, + Minutes,  -Minutes, Length, +Minutes, -Minutes, available days
M MorningShift 6:0 120 60 480 60 60 *
D Dayshift 10:0 60 60 480 60 60 *
E Eveningshift 14:0 60 60 480 60 60 *
N Nightshift 22:0 60 60 480 60 60 *

#Duties per week: Lower limit, Upper limit
4.8 5

# Average number of hours per week
 38

# Weights about the criteria
#UnderCover:
1

#Overcover:
1

#DutiesPerWeek:
0

#Shifts:
30

#Fitness of assumed optimal Solution:

#Optimal Solution:
#Shift Start Length Duties:
# 1:  5:30    390       5  5  5  2  5  2  2
# 2:  4:0    540       2  2  2  2  2  4  3
# 3:  6:30    360       1  1  1  0  1  1  1
# 4:  8:0    420       2  2  2  2  2  2  2
# 5:  12:30    660       1  1  1  1  1  5  5
# 6:  13:0    570       2  4  4  4  4  2  2
# 7:  9:0    660       2  3  3  3  3  0  0
# 8:  12:30    570       5  5  5  5  5  0  5
# 9:  12:0    510       4  4  4  4  4  2  2
# 10:  16:30    450       1  1  1  1  1  2  2
# 11:  11:30    600       4  4  3  4  4  0  0
# 12:  15:0    510       4  3  3  3  5  0  2
# 13:  21:30    420       4  4  4  4  4  0  0
# 14:  20:0    540       3  3  3  3  3  3  3
# 15:  20:30    450       2  2  2  2  1  2  2
# 16:  23:30    450       5  5  5  2  5  5  5
