#MinuteInterval:
15

#DaysPerCycle:
7

#FlagCyclical: yes or no
yes

#Requirements:
2 2 2 2 2 2 2 2 2 2 1 1 1 1 1 1 0 0 0 0 0 0 0 0 0 1 1 1 1 1 1 1 1 2 2 2 2 2 5 5 8 8 8 8 8 8 10 10 10 10 10 10 10 10 11 11 11 11 11 12 12 12 12 13 13 13 13 13 13 13 13 11 11 11 11 11 8 8 8 8 5 5 5 5 5 5 5 5 5 4 2 2 2 2 2 2 2 2 2 2 2 2 2 2 2 2 1 1 1 1 1 1 0 0 0 0 0 0 0 0 0 1 1 1 1 1 1 1 1 2 2 2 2 2 4 4 4 4 4 4 4 4 5 5 5 5 5 5 5 5 6 6 6 6 6 7 7 7 7 8 8 8 8 8 8 8 8 7 7 7 7 7 5 5 5 5 5 5 5 5 5 5 5 5 5 4 2 2 2 2 2 2 2 2 2 2 2 2 2 2 2 2 1 1 1 1 1 1 0 0 0 0 0 0 0 0 0 1 1 1 1 1 1 1 1 2 2 2 2 2 5 5 5 5 5 5 5 5 7 7 7 7 7 7 7 7 8 8 8 8 8 9 9 9 9 10 10 10 10 10 10 10 10 8 8 8 8 8 5 5 5 5 5 5 5 5 5 5 5 5 5 4 2 2 2 2 2 2 2 2 2 2 2 2 2 2 2 2 1 1 1 1 1 1 0 0 0 0 0 0 0 0 0 1 1 1 1 1 1 1 1 2 2 2 2 2 5 5 8 8 8 8 8 8 10 10 10 10 10 10 10 10 11 11 11 11 11 12 12 12 12 13 13 13 13 13 13 13 13 11 11 11 11 11 8 8 8 8 5 5 5 5 5 5 5 5 5 4 2 7 7 7 7 7 7 7 7 7 7 7 7 7 7 7 6 6 6 6 6 6 5 5 5 5 5 5 5 6 6 7 7 7 7 7 2 2 2 3 3 3 3 3 6 6 9 9 9 9 9 9 11 11 11 11 11 11 11 10 11 11 11 11 11 12 12 12 12 13 13 13 13 13 13 13 13 11 11 11 11 11 8 8 8 8 5 5 5 5 5 5 5 5 5 4 2 2 2 2 2 2 2 2 2 2 2 2 2 2 2 2 1 1 1 1 1 1 0 0 0 0 0 0 0 4 4 5 5 5 5 5 5 5 5 6 6 6 6 6 10 10 13 13 13 13 13 13 15 15 15 15 15 15 15 11 15 15 15 15 15 18 18 18 18 18 18 18 18 18 18 18 18 16 16 16 16 16 12 12 12 12 9 9 6 6 6 6 6 6 6 3 2 2 2 2 2 2 2 2 2 2 2 2 2 2 2 2 1 1 1 1 1 1 0 0 0 0 0 0 0 4 4 5 5 5 5 5 5 5 5 6 6 6 6 6 7 7 10 10 10 10 10 10 12 12 12 12 12 12 12 8 12 12 12 12 12 14 14 14 14 14 14 14 14 14 14 14 14 12 12 12 12 12 11 11 11 11 8 8 5 5 5 5 5 5 5 3 2 2 2 2 2 2

#Number of shift templates
4

#Shift templates
#Abbr, Full name, Start, + Minutes,  -Minutes, Length, +Minutes, -Minutes, available days
M MorningShift 6:0 120 60 480 60 60 *
D Dayshift 10:0 60 60 480 60 60 *
E Eveningshift 14:0 60 60 480 60 60 *
N Nightshift 22:0 60 60 480 60 60 *

#Duties per week: Lower limit, Upper limit
4.8 5

# Average number of hours per week
 38

# Weights about the criteria
#UnderCover:
1

#Overcover:
1

#DutiesPerWeek:
0

#Shifts:
15

#Fitness of assumed optimal Solution:

#Optimal Solution:
#Shift Start Length Duties:
# 1:  6:15    435       1  1  1  1  1  1  1
# 2:  5:45    450       0  0  0  0  1  4  4
# 3:  8:15    450       1  1  1  1  1  1  1
# 4:  11:30    375       2  1  2  2  2  2  2
# 5:  10:0    600       3  0  0  3  3  3  3
# 6:  9:30    570       3  2  3  3  3  4  1
# 7:  13:30    420       2  2  2  2  2  5  5
# 8:  15:45    405       2  2  2  2  2  1  1
# 9:  14:45    450       1  1  1  1  1  3  2
# 10:  22:45    525       0  0  0  5  0  0  0
# 11:  20:30    360       1  1  1  1  1  1  1
# 12:  20:30    450       1  1  1  1  1  1  1
