#MinuteInterval:
30

#DaysPerCycle:
7

#FlagCyclical: yes or no
yes

#Requirements:
14 13 13 9 7 7 12 12 12 12 12 7 7 7 7 7 7 4 8 10 10 8 11 9 9 9 10 15 15 15 15 17 17 14 18 14 12 12 12 12 19 19 19 19 18 18 13 13 13 15 15 11 9 9 14 14 14 14 14 12 12 7 7 7 7 5 9 11 11 9 12 10 10 10 11 16 16 16 16 18 18 15 22 18 15 15 15 15 22 22 22 22 21 21 16 13 13 15 15 11 9 9 14 14 14 14 14 12 12 7 7 7 7 4 8 10 10 8 11 9 9 9 10 13 13 13 13 15 15 12 16 12 10 10 10 10 17 17 17 17 16 16 13 13 13 15 15 11 9 9 14 14 14 14 14 12 12 7 7 7 7 8 12 14 14 12 15 13 13 13 14 19 19 19 19 21 21 18 22 18 12 12 12 12 19 19 19 19 18 18 13 13 13 14 14 10 8 8 13 13 13 13 13 15 15 10 10 10 10 7 11 13 13 12 14 12 8 8 9 14 14 14 14 16 16 14 18 14 12 12 12 12 19 19 19 19 18 18 13 13 13 13 13 9 7 7 13 13 13 13 13 11 11 6 6 6 6 4 4 6 6 6 9 6 6 6 8 13 13 13 13 14 14 11 19 19 16 16 19 19 24 24 24 24 22 22 17 13 13 10 10 6 5 5 12 12 12 12 12 7 7 7 7 7 7 4 4 6 6 6 9 6 6 6 8 13 13 13 13 15 15 12 20 20 17 17 20 20 25 25 25 25 23 23 18 14

#Number of shift templates
4

#Shift templates
#Abbr, Full name, Start, + Minutes,  -Minutes, Length, +Minutes, -Minutes, available days
M MorningShift 6:0 120 60 480 60 60 *
D Dayshift 10:0 60 60 480 60 60 *
E Eveningshift 14:0 60 60 480 60 60 *
N Nightshift 22:0 60 60 480 60 60 *

#Duties per week: Lower limit, Upper limit
4.8 5

# Average number of hours per week
 38

# Weights about the criteria
#UnderCover:
1

#Overcover:
1

#DutiesPerWeek:
0

#Shifts:
30

#Fitness of assumed optimal Solution:

#Optimal Solution:
#Shift Start Length Duties:
# 1:  5:30    390       0  0  0  0  4  0  0
# 2:  8:30    570       0  1  0  4  0  1  1
# 3:  3:0    330       3  3  3  3  3  3  4
# 4:  3:0    510       2  2  2  2  2  3  3
# 5:  9:0    510       4  4  4  4  4  0  0
# 6:  9:30    510       2  2  2  2  2  2  2
# 7:  13:0    540       1  1  1  1  1  2  2
# 8:  11:0    330       3  3  3  3  2  3  3
# 9:  17:0    510       4  4  4  4  4  4  4
# 10:  17:0    390       0  3  0  0  0  4  4
# 11:  15:30    630       2  2  2  2  2  1  2
# 12:  13:30    570       5  5  3  5  5  5  5
# 13:  0:30    600       2  2  2  2  1  0  0
# 14:  20:0    630       5  5  5  5  5  0  0
# 15:  20:0    570       2  2  2  2  2  5  5
# 16:  19:0    330       0  0  0  0  0  3  3
