#MinuteInterval:
15

#DaysPerCycle:
7

#FlagCyclical: yes or no
yes

#Requirements:
9 9 9 9 9 9 9 9 9 9 9 9 9 9 9 8 5 1 6 6 6 6 6 6 6 6 6 6 6 8 8 8 8 8 8 12 12 12 12 12 12 12 12 16 16 17 19 19 23 23 23 19 19 20 19 24 22 22 22 22 26 26 26 26 26 26 22 22 22 21 21 21 21 21 17 17 17 17 17 17 16 16 12 10 6 6 4 8 7 7 7 7 7 9 9 9 9 9 9 9 9 9 9 9 9 9 9 9 9 9 9 8 7 3 8 8 8 8 8 8 8 8 8 8 8 10 10 8 8 8 8 12 12 12 12 12 12 12 12 16 16 17 19 19 24 24 24 20 20 21 20 22 20 20 20 20 24 24 24 24 24 24 20 20 20 19 19 19 19 19 15 15 15 15 15 15 14 14 9 7 6 6 4 8 7 7 7 7 7 9 9 9 9 9 9 9 9 9 9 9 9 9 9 9 9 9 9 8 8 4 7 7 7 7 7 7 7 7 7 7 7 9 9 7 7 7 7 11 11 11 11 11 11 11 11 15 15 16 18 18 23 23 23 20 20 21 19 24 22 22 22 22 26 26 26 26 26 26 22 22 22 21 21 21 21 21 17 17 17 17 17 17 17 17 12 10 6 6 4 8 7 7 7 7 7 9 9 9 9 9 9 9 9 9 9 9 9 9 9 9 9 9 9 8 7 3 8 8 8 8 8 8 8 8 8 8 8 10 10 8 8 8 8 12 12 12 12 12 12 12 12 16 16 17 19 19 24 24 24 20 20 21 20 25 23 23 23 23 27 27 27 27 27 27 23 23 23 22 22 22 22 22 18 18 18 18 18 18 17 17 12 10 6 6 4 8 7 7 7 7 7 9 9 9 9 9 9 9 9 9 9 9 9 9 9 9 9 9 9 8 7 3 8 8 8 8 8 8 8 8 8 8 8 10 10 8 8 8 8 8 8 8 8 8 8 8 8 9 9 10 13 13 18 18 18 14 14 15 14 19 17 17 17 17 22 22 22 22 22 22 22 22 22 21 21 21 21 21 20 20 20 20 20 20 19 19 14 11 7 7 4 8 7 7 7 7 7 9 9 9 9 9 9 9 9 9 9 9 9 9 9 9 9 9 9 8 7 3 7 7 7 7 7 7 7 7 7 7 7 7 7 5 5 5 5 9 9 9 9 9 9 9 9 9 9 14 16 16 18 18 18 16 16 17 16 16 16 16 16 16 20 20 20 20 20 20 16 16 16 11 11 11 11 11 11 11 11 11 11 11 9 9 7 5 6 6 6 10 9 9 9 9 9 9 9 9 9 9 9 9 9 9 9 9 9 9 9 9 9 9 9 8 5 1 5 5 5 5 5 5 5 5 5 5 5 5 5 5 5 5 5 8 8 8 8 8 8 8 8 9 9 11 13 13 18 18 18 16 16 17 16 16 16 16 16 16 20 20 20 20 20 20 17 17 17 15 15 15 15 15 14 14 14 14 14 14 12 12 7 5 6 6 6 10 9 9 9 9 9 9 9 9

#Number of shift templates
4

#Shift templates
#Abbr, Full name, Start, + Minutes,  -Minutes, Length, +Minutes, -Minutes, available days
M MorningShift 6:0 120 60 480 60 60 *
D Dayshift 10:0 60 60 480 60 60 *
E Eveningshift 14:0 60 60 480 60 60 *
N Nightshift 22:0 60 60 480 60 60 *

#Duties per week: Lower limit, Upper limit
4.8 5

# Average number of hours per week
 38

# Weights about the criteria
#UnderCover:
1

#Overcover:
1

#DutiesPerWeek:
0

#Shifts:
15

#Fitness of assumed optimal Solution:

#Optimal Solution:
#Shift Start Length Duties:
# 1:  7:15    405       2  2  2  2  2  0  0
# 2:  4:30    495       5  5  3  5  5  4  4
# 3:  4:0    570       1  1  2  1  1  1  1
# 4:  8:45    465       4  4  4  4  0  4  3
# 5:  12:0    510       4  5  5  5  5  2  5
# 6:  11:30    555       2  2  2  2  3  2  2
# 7:  10:45    465       4  4  4  4  1  0  1
# 8:  11:15    360       1  1  1  1  1  5  2
# 9:  15:0    390       4  4  4  4  5  4  4
# 10:  13:15    525       1  1  1  1  1  1  1
# 11:  13:45    435       5  2  5  5  5  0  0
# 12:  12:45    435       1  1  0  1  1  2  2
# 13:  23:15    510       2  2  2  2  2  0  0
# 14:  21:45    390       4  4  4  4  4  4  4
# 15:  21:0    405       1  1  1  1  1  1  1
# 16:  21:30    390       2  2  2  2  2  4  4
