#MinuteInterval:
30

#DaysPerCycle:
7

#FlagCyclical: yes or no
yes

#Requirements:
12 12 12 12 12 12 12 12 12 12 9 10 10 10 10 10 10 16 14 14 13 13 13 16 16 16 17 18 18 18 18 18 21 21 21 21 15 12 16 16 15 15 12 8 7 7 7 7 11 11 11 11 11 11 11 11 11 11 6 7 7 7 7 7 7 13 14 14 13 13 13 16 16 16 17 18 18 18 18 18 21 21 21 21 15 12 16 16 15 15 12 8 7 7 7 7 11 11 11 11 11 11 11 11 11 11 6 7 7 7 7 7 7 13 14 14 13 13 13 16 16 16 17 18 18 18 18 18 21 21 21 21 15 12 16 16 15 15 12 8 7 7 7 7 11 11 11 11 11 11 11 11 11 11 6 7 7 7 7 7 7 13 14 14 13 13 13 16 16 16 17 17 17 17 17 17 20 20 20 20 14 11 16 16 15 15 12 8 7 7 7 7 11 11 11 11 11 11 11 11 11 11 6 7 7 7 7 7 7 13 14 14 13 13 13 16 16 16 18 19 19 19 19 19 22 22 22 22 16 13 17 17 15 15 12 8 7 7 7 7 10 10 10 10 10 10 10 10 10 10 5 6 6 6 6 6 6 15 14 14 14 14 14 19 19 19 19 24 24 24 24 24 26 26 26 26 20 16 14 14 14 14 11 8 8 8 8 8 11 11 11 11 11 11 11 11 11 11 8 9 9 9 9 9 9 18 14 14 14 14 14 19 19 19 19 23 23 23 23 23 25 25 25 25 19 15 14 14 14 14 11 8 8 8 8 8

#Number of shift templates
4

#Shift templates
#Abbr, Full name, Start, + Minutes,  -Minutes, Length, +Minutes, -Minutes, available days
M MorningShift 6:0 120 60 480 60 60 *
D Dayshift 10:0 60 60 480 60 60 *
E Eveningshift 14:0 60 60 480 60 60 *
N Nightshift 22:0 60 60 480 60 60 *

#Duties per week: Lower limit, Upper limit
4.8 5

# Average number of hours per week
 38

# Weights about the criteria
#UnderCover:
1

#Overcover:
1

#DutiesPerWeek:
0

#Shifts:
30

#Fitness of assumed optimal Solution:

#Optimal Solution:
#Shift Start Length Duties:
# 1:  10:0    660       3  3  3  3  3  3  3
# 2:  8:30    600       3  3  3  3  3  4  4
# 3:  5:30    630       1  1  1  1  1  1  1
# 4:  13:0    420       1  1  1  1  2  0  0
# 5:  9:0    540       3  3  3  3  3  1  1
# 6:  8:30    570       3  3  3  3  3  5  5
# 7:  13:30    330       1  1  1  0  1  5  4
# 8:  16:0    330       4  4  4  4  4  3  3
# 9:  11:30    630       3  3  3  3  3  5  5
# 10:  0:0    600       4  4  4  4  4  3  3
# 11:  19:0    600       5  5  5  5  5  3  3
# 12:  22:0    660       2  2  2  2  2  5  5
