#MinuteInterval:
15

#DaysPerCycle:
7

#FlagCyclical: yes or no
yes

#Requirements:
9 9 9 9 9 9 9 9 9 9 9 9 9 9 8 8 8 8 8 8 8 6 6 6 3 3 8 12 12 10 10 10 10 10 10 11 11 11 11 16 16 16 16 16 21 26 26 26 28 28 28 24 24 29 29 29 34 34 34 34 34 38 38 38 41 41 36 35 34 34 34 34 34 32 32 32 27 27 27 22 22 24 24 19 19 14 14 14 18 18 13 13 10 6 6 6 9 9 9 9 9 9 9 9 9 9 9 9 9 9 9 9 9 9 9 9 9 7 7 7 4 4 5 9 14 11 11 11 11 11 11 12 12 12 12 17 17 17 17 17 22 27 27 27 31 31 31 27 27 32 32 32 37 37 37 37 37 36 36 36 39 39 38 37 36 36 36 36 36 32 32 32 27 27 27 22 22 24 24 19 19 14 14 14 18 18 13 13 10 6 6 6 9 9 9 9 9 9 9 9 9 9 9 9 9 9 9 9 9 9 9 9 9 7 7 7 4 4 5 9 9 6 6 6 6 6 6 7 7 7 7 12 12 12 12 12 17 22 22 22 26 26 26 22 22 27 27 27 32 32 32 32 32 36 36 36 39 39 38 37 36 36 36 36 36 32 32 32 27 27 27 22 22 24 24 19 19 14 14 14 17 17 12 12 9 5 5 5 8 8 8 8 8 8 8 8 8 8 8 8 8 8 8 8 8 8 8 8 8 6 6 6 3 3 4 8 8 6 6 6 6 6 6 7 7 7 7 12 12 12 12 12 17 22 22 22 28 28 28 24 24 25 25 25 30 30 30 30 30 34 34 34 37 37 36 35 34 34 34 34 34 30 30 30 25 25 25 20 20 22 22 17 17 16 16 14 18 18 13 13 10 6 6 6 9 9 9 9 9 9 9 9 9 9 9 9 9 9 9 9 9 9 9 9 9 7 7 7 4 4 5 9 9 6 6 6 6 6 6 7 7 7 7 12 12 12 12 12 17 22 22 22 26 26 26 22 22 27 27 27 32 32 32 32 32 36 36 36 39 39 38 37 36 36 36 36 36 32 32 32 27 27 27 22 22 24 24 19 19 14 14 14 18 18 13 13 10 6 6 6 9 9 9 9 9 9 9 9 9 9 9 9 9 9 9 9 9 9 9 9 9 7 7 7 4 5 6 10 15 13 13 13 13 13 13 15 15 15 15 15 15 15 15 15 15 16 16 16 24 24 24 20 20 25 25 25 27 26 26 26 26 25 25 25 30 30 29 27 25 25 25 25 25 21 21 21 20 20 20 20 20 22 22 22 25 20 20 16 20 20 18 18 13 9 9 9 17 17 17 17 17 17 17 17 17 17 17 17 17 17 14 14 14 14 14 14 14 12 12 12 9 10 12 16 21 19 19 19 19 19 19 16 16 16 16 18 18 18 18 18 18 19 19 19 25 25 25 21 21 26 26 26 28 27 27 27 27 26 26 26 31 31 29 27 25 25 25 25 25 21 21 21 20 20 20 18 18 20 20 20 21 16 16 14 17 17 15 15 10 6 6 6

#Number of shift templates
4

#Shift templates
#Abbr, Full name, Start, + Minutes,  -Minutes, Length, +Minutes, -Minutes, available days
M MorningShift 6:0 120 60 480 60 60 *
D Dayshift 10:0 60 60 480 60 60 *
E Eveningshift 14:0 60 60 480 60 60 *
N Nightshift 22:0 60 60 480 60 60 *

#Duties per week: Lower limit, Upper limit
4.8 5

# Average number of hours per week
 38

# Weights about the criteria
#UnderCover:
1

#Overcover:
1

#DutiesPerWeek:
0

#Shifts:
15

#Fitness of assumed optimal Solution:

#Optimal Solution:
#Shift Start Length Duties:
# 1:  7:15    585       1  1  1  1  1  2  2
# 2:  6:30    600       5  1  1  1  1  1  2
# 3:  6:45    360       4  4  4  4  4  4  4
# 4:  6:15    480       0  0  0  0  0  1  1
# 5:  7:0    495       0  5  0  0  0  5  5
# 6:  8:45    480       1  1  1  1  1  2  2
# 7:  11:15    465       5  5  5  5  5  1  1
# 8:  11:0    585       5  5  5  5  5  0  0
# 9:  12:0    375       2  4  4  4  4  4  4
# 10:  9:45    600       5  5  5  5  5  0  2
# 11:  14:0    510       5  5  5  5  5  2  2
# 12:  16:0    420       3  3  3  3  3  5  5
# 13:  12:0    585       0  0  0  2  0  4  2
# 14:  13:15    480       5  5  5  1  5  5  5
# 15:  15:15    480       4  4  4  4  4  4  4
# 16:  0:0    525       0  0  0  0  0  0  5
# 17:  0:0    360       3  3  3  3  3  3  3
# 18:  22:0    555       4  4  3  4  4  4  3
# 19:  20:15    540       2  2  2  2  2  2  2
# 20:  21:0    390       0  0  0  0  0  3  1
