#MinuteInterval:
15

#DaysPerCycle:
7

#FlagCyclical: yes or no
yes

#Requirements:
8 8 8 8 8 8 8 8 8 8 8 8 8 8 8 8 8 12 12 8 8 8 8 11 11 7 7 7 7 7 7 11 11 11 13 15 17 17 17 17 17 20 20 20 20 20 20 21 21 24 24 29 29 32 32 32 32 32 32 29 29 29 29 29 29 27 23 23 19 19 19 14 14 14 11 11 11 11 11 8 11 11 6 6 6 6 9 9 9 9 9 9 6 6 6 6 6 6 6 6 6 6 6 6 6 6 6 6 6 6 6 6 6 7 7 1 1 1 1 4 4 4 4 4 4 4 4 8 8 8 10 12 14 14 14 14 14 17 17 17 17 17 17 21 21 24 24 29 29 32 32 32 32 33 33 30 30 30 30 30 30 28 24 24 20 20 20 15 15 15 12 12 12 12 12 9 12 12 7 7 7 7 9 9 9 9 9 9 6 6 6 6 6 6 6 6 6 6 6 6 6 6 6 6 6 6 6 6 6 7 7 1 1 1 1 4 4 4 4 4 4 4 4 8 8 8 10 12 14 14 14 14 14 17 17 17 17 17 17 21 21 24 24 29 29 32 32 32 32 32 32 29 29 29 29 29 29 27 23 23 19 19 19 14 14 14 11 11 11 11 11 8 11 11 6 6 6 6 9 9 9 9 9 9 6 6 6 6 6 6 6 6 6 6 6 6 6 6 6 6 6 6 6 6 6 7 7 1 1 1 1 5 5 5 5 5 5 5 5 9 9 9 11 13 15 15 15 15 15 18 18 18 18 18 18 22 22 25 25 30 30 31 31 31 31 31 31 27 27 27 27 27 27 25 21 21 17 17 17 12 12 12 9 9 9 9 9 6 9 9 4 4 4 4 7 7 7 7 7 7 6 6 6 6 6 6 6 6 6 6 6 6 6 6 6 6 6 6 6 6 6 7 7 1 1 1 1 4 4 4 4 4 4 4 4 8 8 8 10 12 14 14 14 14 14 17 17 17 17 17 17 21 21 24 24 29 29 32 32 32 32 32 32 29 29 29 29 29 29 27 23 23 19 19 19 14 14 14 11 11 11 11 11 8 11 11 6 6 6 6 9 9 9 9 9 9 6 6 7 7 7 7 7 7 7 7 7 7 7 7 7 7 7 7 7 7 7 8 8 2 2 2 2 5 5 4 4 4 4 4 4 8 8 8 10 12 12 12 12 12 12 15 15 15 15 15 15 19 19 22 22 27 27 31 31 31 31 31 31 28 28 28 28 28 28 26 22 22 20 20 20 15 15 15 12 12 12 12 12 9 11 11 6 6 6 6 8 8 8 8 8 8 7 7 8 8 8 8 8 8 8 8 8 8 8 8 8 8 8 8 8 8 8 9 9 5 5 5 5 8 8 4 4 4 4 4 4 8 8 8 9 11 11 11 11 11 11 14 14 14 14 14 14 18 18 20 20 25 25 29 29 29 29 29 29 26 26 26 26 26 26 25 21 21 19 19 19 14 14 14 11 11 11 11 11 9 11 11 6 6 6 6 8 8 8 8 8 8 7 7 8 8

#Number of shift templates
4

#Shift templates
#Abbr, Full name, Start, + Minutes,  -Minutes, Length, +Minutes, -Minutes, available days
M MorningShift 6:0 120 60 480 60 60 *
D Dayshift 10:0 60 60 480 60 60 *
E Eveningshift 14:0 60 60 480 60 60 *
N Nightshift 22:0 60 60 480 60 60 *

#Duties per week: Lower limit, Upper limit
4.8 5

# Average number of hours per week
 38

# Weights about the criteria
#UnderCover:
1

#Overcover:
1

#DutiesPerWeek:
0

#Shifts:
15

#Fitness of assumed optimal Solution:

#Optimal Solution:
#Shift Start Length Duties:
# 1:  5:45    540       3  3  3  4  3  3  3
# 2:  8:45    495       2  2  2  2  2  2  2
# 3:  7:45    525       4  4  4  4  4  4  4
# 4:  4:15    450       4  1  1  1  1  1  1
# 5:  10:15    495       3  3  3  3  3  3  3
# 6:  11:45    360       5  5  5  5  5  5  5
# 7:  9:0    480       2  2  2  2  2  0  0
# 8:  8:30    465       2  2  2  2  2  2  1
# 9:  12:15    450       3  3  3  3  3  3  2
# 10:  14:15    435       0  1  0  0  0  0  0
# 11:  13:15    585       3  3  3  1  3  4  4
# 12:  12:45    465       5  5  5  5  5  5  5
# 13:  23:30    405       0  0  0  0  1  1  1
# 14:  21:30    435       3  3  3  3  3  2  2
# 15:  23:0    435       0  0  0  0  0  3  3
# 16:  20:0    525       3  3  3  3  3  2  2
