#MinuteInterval:
15

#DaysPerCycle:
7

#FlagCyclical: yes or no
yes

#Requirements:
7 7 7 7 5 5 5 5 5 5 5 5 5 5 5 5 5 5 7 7 7 6 6 6 6 6 11 11 11 7 7 8 8 8 17 17 17 17 17 17 17 20 20 20 20 20 20 20 23 23 23 21 21 21 26 26 26 26 26 26 26 22 24 24 24 19 14 14 13 10 10 10 10 10 10 7 7 7 7 7 7 11 11 11 11 11 6 6 10 10 10 10 10 10 10 10 10 10 10 10 8 8 8 8 8 8 8 8 8 8 8 8 8 8 10 10 10 6 6 6 6 6 11 11 11 7 7 8 8 8 17 17 17 17 17 17 17 20 20 20 20 20 20 20 23 23 23 21 21 21 25 25 25 25 25 25 25 21 23 23 23 18 13 13 12 9 9 9 9 9 9 6 6 6 6 6 6 10 10 10 10 10 6 6 10 10 14 14 14 14 14 14 14 14 14 14 12 12 12 12 12 12 12 12 12 12 12 12 12 12 14 14 14 10 10 10 10 10 15 15 15 11 7 8 8 8 17 17 17 17 17 17 17 20 20 20 20 20 20 20 23 23 23 21 21 21 26 26 26 26 26 26 26 22 24 24 24 19 14 14 13 10 10 10 10 10 10 7 7 7 7 7 7 11 11 11 11 11 6 6 10 10 10 10 10 10 10 10 10 10 10 10 8 8 8 8 8 8 8 8 8 8 8 8 8 8 10 10 10 6 6 6 6 6 11 11 11 7 7 8 8 8 17 17 17 17 17 17 17 21 21 21 21 21 21 21 24 24 24 22 22 22 27 27 27 27 27 27 27 23 25 25 25 20 15 15 14 10 10 10 10 10 10 7 7 7 7 7 7 11 11 11 11 11 6 6 10 10 10 10 10 10 10 10 10 10 10 10 8 8 8 8 8 8 8 8 8 8 8 8 8 8 10 10 10 6 6 6 6 6 11 11 11 7 7 8 8 8 17 17 17 17 17 17 17 20 20 20 20 20 20 20 23 23 23 21 21 21 26 26 26 26 26 26 26 22 24 24 24 19 14 14 13 10 10 10 10 10 10 7 7 7 7 7 7 7 7 7 7 7 2 2 6 6 6 6 6 6 6 6 6 6 6 6 4 4 4 4 4 4 4 4 4 4 4 4 4 4 6 6 6 6 6 6 6 6 11 11 11 7 7 8 8 8 15 15 15 15 15 15 15 15 15 15 15 15 15 15 16 16 16 14 14 14 19 19 19 19 19 19 19 17 19 19 19 14 9 9 8 8 8 8 8 8 8 7 7 7 7 7 7 8 8 8 8 8 3 3 7 7 7 7 7 7 7 7 7 7 7 7 5 5 5 5 5 5 5 5 5 5 5 5 5 5 7 7 7 6 6 6 6 6 11 11 11 7 7 8 8 8 15 15 15 15 15 15 15 15 15 15 15 15 15 15 16 16 16 14 14 14 19 19 19 19 19 19 19 17 19 19 19 14 9 9 8 8 8 8 8 8 8 7 7 7 7 7 7 8 8 8 8 8 3 3 7 7 7 7 7 7 7 7

#Number of shift templates
4

#Shift templates
#Abbr, Full name, Start, + Minutes,  -Minutes, Length, +Minutes, -Minutes, available days
M MorningShift 6:0 120 60 480 60 60 *
D Dayshift 10:0 60 60 480 60 60 *
E Eveningshift 14:0 60 60 480 60 60 *
N Nightshift 22:0 60 60 480 60 60 *

#Duties per week: Lower limit, Upper limit
4.8 5

# Average number of hours per week
 38

# Weights about the criteria
#UnderCover:
1

#Overcover:
1

#DutiesPerWeek:
0

#Shifts:
15

#Fitness of assumed optimal Solution:

#Optimal Solution:
#Shift Start Length Duties:
# 1:  6:30    600       5  5  5  5  5  5  5
# 2:  4:30    495       2  2  2  2  2  2  2
# 3:  7:45    555       1  1  1  1  1  1  1
# 4:  8:30    405       4  4  4  4  4  2  2
# 5:  10:15    420       3  3  3  4  3  0  0
# 6:  8:30    465       5  5  5  5  5  5  5
# 7:  15:30    570       2  2  2  2  2  2  2
# 8:  13:30    480       5  4  5  5  5  5  5
# 9:  12:0    405       3  3  3  3  3  1  1
# 10:  20:15    540       4  4  4  4  0  1  1
# 11:  22:30    540       0  4  0  0  0  0  0
# 12:  22:0    555       4  4  4  4  4  4  4
