#MinuteInterval:
15

#DaysPerCycle:
7

#FlagCyclical: yes or no
yes

#Requirements:
12 12 12 12 12 12 12 12 12 12 12 12 12 11 11 11 8 8 8 8 8 8 8 8 8 13 10 10 10 10 14 14 16 16 16 16 16 15 16 16 16 16 16 16 16 16 16 16 19 19 19 19 19 19 19 22 26 26 26 26 24 24 24 22 22 22 22 22 22 22 22 22 20 20 20 20 19 14 14 11 11 11 11 11 12 8 8 8 8 8 12 12 12 8 10 10 10 10 10 10 10 10 10 10 10 10 10 10 10 9 9 9 9 9 9 9 9 9 9 9 9 14 12 12 12 12 16 16 18 18 18 18 18 15 16 16 16 16 16 16 16 16 16 16 19 19 19 19 19 19 19 22 26 26 26 26 24 24 24 22 22 22 22 22 22 22 22 22 20 20 20 20 19 14 14 11 11 11 11 11 12 8 8 8 8 8 12 12 12 8 8 8 8 8 8 8 8 8 8 8 8 8 8 8 8 7 7 7 7 7 7 7 7 7 7 7 7 12 10 10 10 10 14 14 16 16 16 16 16 17 18 18 18 18 18 18 18 18 18 18 21 21 21 21 21 21 21 24 28 28 28 28 26 26 26 24 24 24 24 24 24 24 24 24 20 20 20 20 19 14 14 11 11 11 11 11 12 8 11 11 11 11 15 15 15 11 11 11 11 11 11 11 11 11 11 11 11 11 11 11 11 10 10 10 7 7 7 7 7 7 7 7 7 12 10 10 10 10 14 14 16 16 16 16 16 15 16 16 16 16 16 16 16 16 16 16 19 19 19 19 19 19 19 22 26 26 26 26 24 24 24 22 22 22 22 22 22 22 22 22 20 20 20 20 19 14 14 11 11 11 11 11 12 8 8 8 8 8 12 12 12 8 8 8 8 8 8 8 8 8 8 8 8 8 8 8 8 7 7 7 7 7 7 7 7 7 7 7 7 12 10 10 10 10 14 14 16 16 16 16 16 15 16 16 16 16 16 16 16 16 16 16 19 19 19 19 19 19 19 21 25 25 25 25 23 23 23 21 21 21 21 21 21 21 21 21 19 19 19 19 18 13 13 10 10 10 10 10 11 7 7 7 7 7 11 11 11 7 8 8 8 8 8 8 8 8 8 8 8 8 8 8 8 7 7 7 7 7 7 7 7 7 7 7 7 9 8 8 8 8 13 13 15 15 15 15 18 17 18 18 18 18 18 18 18 18 18 18 21 21 21 21 24 24 24 27 27 22 22 22 20 20 20 17 17 17 14 14 14 14 14 14 12 12 12 12 11 6 6 3 3 3 3 3 4 4 7 7 7 7 10 10 10 10 10 10 10 10 10 10 10 10 10 10 10 10 10 10 10 9 9 9 6 6 6 6 6 6 6 6 6 8 7 7 7 7 12 12 13 13 13 13 16 15 16 16 16 16 16 16 16 16 16 16 19 19 19 19 22 22 22 25 25 20 20 20 19 19 19 17 17 17 14 14 14 14 14 14 12 12 12 12 11 6 6 3 3 3 3 3 4 4 7 7 7 7 12 12 12 12 12 12

#Number of shift templates
4

#Shift templates
#Abbr, Full name, Start, + Minutes,  -Minutes, Length, +Minutes, -Minutes, available days
M MorningShift 6:0 120 60 480 60 60 *
D Dayshift 10:0 60 60 480 60 60 *
E Eveningshift 14:0 60 60 480 60 60 *
N Nightshift 22:0 60 60 480 60 60 *

#Duties per week: Lower limit, Upper limit
4.8 5

# Average number of hours per week
 38

# Weights about the criteria
#UnderCover:
1

#Overcover:
1

#DutiesPerWeek:
0

#Shifts:
15

#Fitness of assumed optimal Solution:

#Optimal Solution:
#Shift Start Length Duties:
# 1:  9:0    450       0  0  0  0  0  3  3
# 2:  7:30    405       4  4  4  4  4  5  5
# 3:  6:30    555       2  2  2  2  2  3  2
# 4:  6:15    405       5  5  5  5  5  2  2
# 5:  8:0    420       2  2  2  2  2  2  1
# 6:  9:30    570       1  1  1  1  1  1  1
# 7:  9:15    525       2  2  4  2  2  2  2
# 8:  12:0    465       3  3  3  3  3  3  3
# 9:  14:0    555       4  4  4  4  4  0  0
# 10:  14:15    420       4  4  4  4  4  0  0
# 11:  13:45    585       3  3  3  3  2  3  3
# 12:  13:0    375       5  5  5  5  5  5  5
# 13:  22:30    480       4  4  4  4  4  3  5
# 14:  21:0    375       1  1  1  1  1  1  1
# 15:  21:30    390       0  0  3  0  0  3  3
# 16:  23:30    585       5  3  3  3  3  3  3
