#MinuteInterval:
15

#DaysPerCycle:
7

#FlagCyclical: yes or no
yes

#Requirements:
14 14 14 14 14 14 14 14 14 14 14 14 14 14 14 14 14 14 14 14 14 14 9 9 6 1 1 2 2 2 2 2 2 2 2 2 2 4 4 4 4 4 5 10 10 10 10 10 10 10 10 10 10 12 14 14 14 14 14 14 14 14 13 13 13 13 13 13 13 13 13 11 11 11 11 11 6 5 5 5 5 5 5 5 5 4 5 5 5 8 8 12 12 12 12 12 12 12 12 12 12 12 12 12 12 12 12 12 12 12 12 12 12 12 12 12 12 12 7 7 4 1 1 7 7 7 7 7 7 7 7 7 7 9 9 9 9 9 10 15 15 15 15 15 15 15 15 15 15 17 19 19 19 19 19 19 19 19 18 13 13 13 13 13 13 13 13 11 11 11 11 11 6 5 5 5 5 5 5 5 5 4 5 5 5 5 5 9 9 9 9 9 9 9 9 9 9 9 9 9 9 9 9 9 9 9 9 9 9 9 9 9 9 9 7 7 4 1 1 2 2 2 2 2 2 2 2 2 2 4 4 4 4 4 5 10 10 10 10 10 10 10 10 10 10 12 15 15 15 15 15 15 15 15 14 14 14 14 14 14 14 14 14 12 12 12 12 12 7 6 6 6 6 6 6 6 6 5 5 5 5 8 8 12 12 12 12 12 12 12 12 12 12 12 12 12 12 12 12 12 12 12 12 12 12 12 12 12 12 12 7 7 4 1 1 2 2 2 2 2 2 2 2 2 2 4 4 4 4 4 5 10 10 10 10 10 10 10 10 10 10 12 14 14 14 14 14 14 14 14 13 13 13 13 13 13 13 13 13 11 11 11 11 11 6 5 5 5 5 5 5 5 5 4 5 5 5 8 8 12 12 12 12 12 12 12 12 12 12 12 12 12 12 12 12 12 12 12 12 12 12 12 12 12 12 12 7 7 4 1 1 2 2 2 2 2 2 2 2 2 2 4 4 4 4 4 5 5 5 5 5 5 5 5 5 5 5 7 9 9 9 9 9 9 9 9 8 8 8 8 8 8 8 8 8 6 6 6 6 6 6 5 5 5 5 5 5 5 5 4 5 5 5 8 8 12 12 12 12 12 12 12 12 12 12 12 12 12 12 12 12 12 12 12 12 12 12 12 12 12 12 12 7 7 3 0 0 2 2 2 2 2 2 2 2 2 2 3 3 3 3 3 7 11 11 11 11 11 11 11 11 11 11 13 14 14 14 15 15 15 15 15 14 13 13 13 13 13 13 13 13 12 12 12 12 12 8 4 4 4 4 4 4 4 4 3 7 7 7 10 10 14 14 14 14 14 14 14 14 14 14 14 14 14 14 14 14 14 14 14 14 14 14 14 14 14 14 14 9 9 5 0 0 2 2 2 2 2 2 2 2 2 2 3 3 3 3 3 7 10 10 10 10 10 10 10 10 10 10 12 13 13 13 14 14 14 14 14 13 12 12 12 12 12 12 12 12 11 11 11 11 11 8 4 4 4 4 4 4 4 4 3 7 7 7 10 10 14 14 14 14 14

#Number of shift templates
4

#Shift templates
#Abbr, Full name, Start, + Minutes,  -Minutes, Length, +Minutes, -Minutes, available days
M MorningShift 6:0 120 60 480 60 60 *
D Dayshift 10:0 60 60 480 60 60 *
E Eveningshift 14:0 60 60 480 60 60 *
N Nightshift 22:0 60 60 480 60 60 *

#Duties per week: Lower limit, Upper limit
4.8 5

# Average number of hours per week
 38

# Weights about the criteria
#UnderCover:
1

#Overcover:
1

#DutiesPerWeek:
0

#Shifts:
15

#Fitness of assumed optimal Solution:
# 180

#Optimal Solution:
#Shift Start Length Duties:
# 1:  6:45    525       1  1  1  1  1  1  1
# 2:  6:45    540       0  5  0  0  0  1  1
# 3:  6:0    495       1  1  1  1  1  0  0
# 4:  9:15    510       2  2  2  2  2  1  1
# 5:  10:30    525       1  1  1  1  1  4  4
# 6:  10:45    495       5  5  5  5  0  4  3
# 7:  13:30    480       2  2  3  2  2  1  1
# 8:  14:15    420       1  1  1  1  1  1  1
# 9:  13:15    540       2  2  2  2  2  2  2
# 10:  21:30    525       3  3  3  3  3  5  5
# 11:  22:15    435       5  2  5  5  5  5  5
# 12:  22:45    435       4  4  4  4  4  4  4
