#MinuteInterval:
30

#DaysPerCycle:
7

#FlagCyclical: yes or no
yes

#Requirements:
7 7 7 7 7 7 7 7 7 7 4 2 2 3 3 5 8 8 10 19 19 20 24 24 24 24 24 24 28 24 34 34 34 28 25 24 19 15 15 15 15 15 13 15 14 11 16 11 11 11 11 11 11 11 11 11 11 11 10 8 3 4 4 6 13 13 15 24 24 25 25 25 25 24 24 24 28 24 30 30 30 24 19 18 13 13 13 13 13 13 11 15 14 12 17 14 14 14 14 14 14 14 14 14 14 14 13 8 3 4 4 3 8 8 10 16 16 17 21 21 21 20 20 20 25 24 30 30 30 24 21 20 18 14 14 14 14 14 12 13 12 10 15 12 12 12 12 12 12 12 12 12 12 12 11 8 3 4 4 6 11 11 13 22 22 23 27 27 27 26 26 26 30 26 34 34 34 28 25 24 19 15 15 15 15 15 13 15 14 12 17 12 12 12 12 12 12 12 12 12 12 12 11 8 3 4 4 6 8 8 10 19 19 20 24 24 24 23 23 23 27 23 29 29 29 23 23 22 17 13 13 13 13 13 11 13 12 10 15 12 12 12 12 12 12 12 12 12 12 12 12 9 4 8 8 10 12 12 16 25 25 26 31 31 31 29 29 29 34 30 31 31 31 23 23 22 17 12 12 12 12 12 11 12 11 8 13 12 12 12 12 12 12 12 12 12 12 12 10 8 3 5 5 7 9 9 13 22 22 23 28 28 28 27 27 27 32 28 32 32 32 24 24 23 18 13 13 13 13 13 12 13 12 9 9 7

#Number of shift templates
4

#Shift templates
#Abbr, Full name, Start, + Minutes,  -Minutes, Length, +Minutes, -Minutes, available days
M MorningShift 6:0 120 60 480 60 60 *
D Dayshift 10:0 60 60 480 60 60 *
E Eveningshift 14:0 60 60 480 60 60 *
N Nightshift 22:0 60 60 480 60 60 *

#Duties per week: Lower limit, Upper limit
4.8 5

# Average number of hours per week
 38

# Weights about the criteria
#UnderCover:
1

#Overcover:
1

#DutiesPerWeek:
0

#Shifts:
30

#Fitness of assumed optimal Solution:
# 600

#Optimal Solution:
#Shift Start Length Duties:
# 1:  8:0    420       0  2  2  2  2  2  2
# 2:  7:30    420       4  4  1  4  4  4  4
# 3:  6:30    510       1  1  1  1  1  4  2
# 4:  8:0    540       3  5  3  3  0  0  0
# 5:  5:0    450       0  1  1  1  1  2  1
# 6:  9:0    450       2  2  2  2  2  4  4
# 7:  9:30    510       5  5  2  5  5  5  5
# 8:  11:0    450       4  0  4  4  4  5  5
# 9:  9:30    420       4  4  4  4  4  4  4
# 10:  10:30    420       1  1  1  1  1  1  1
# 11:  15:0    450       5  5  5  5  5  5  5
# 12:  14:0    420       4  4  4  4  4  4  4
# 13:  14:0    450       0  0  1  0  0  1  1
# 14:  15:0    510       5  3  3  5  3  1  2
# 15:  15:0    420       1  1  1  1  1  1  1
# 16:  23:0    420       5  5  5  5  5  5  0
# 17:  22:30    540       2  2  2  2  2  2  2
# 18:  22:30    420       0  1  1  1  1  0  0
# 19:  21:30    480       2  4  2  2  2  2  2
# 20:  21:0    480       2  2  2  2  2  3  3
