#MinuteInterval:
15

#DaysPerCycle:
7

#FlagCyclical: yes or no
yes

#Requirements:
15 15 15 15 15 15 15 15 15 15 15 15 15 15 15 15 15 15 12 12 12 7 4 6 3 5 5 5 5 5 5 5 8 8 8 8 8 9 9 10 15 15 15 15 15 15 15 15 15 15 15 15 19 24 22 22 22 24 24 24 24 24 24 24 23 23 20 20 20 19 15 15 15 14 13 13 13 13 13 13 13 13 13 13 13 13 14 10 9 9 9 10 10 10 10 10 10 10 10 10 10 10 10 10 10 10 10 10 10 10 10 10 10 10 9 9 9 4 4 6 7 9 9 9 9 9 9 9 12 12 12 12 12 13 13 14 21 24 24 24 24 24 24 24 24 24 24 24 28 33 31 27 27 29 29 29 29 29 29 29 28 28 25 25 25 24 20 20 20 17 16 16 13 13 13 13 13 13 13 13 13 13 15 11 9 9 9 10 10 10 10 10 10 10 10 10 10 10 10 10 10 10 10 10 10 10 10 10 10 10 8 8 8 3 3 5 3 5 5 5 5 5 5 5 8 8 8 8 8 9 9 10 15 18 18 18 18 18 18 18 18 18 18 18 22 27 25 25 25 27 27 27 27 27 27 27 26 26 23 23 23 22 18 18 18 17 16 16 13 13 13 13 13 13 13 13 13 13 15 11 10 10 10 15 15 15 15 15 15 15 15 15 15 15 15 15 15 15 15 15 15 15 15 15 15 15 13 13 13 8 8 10 7 9 9 9 9 9 5 5 8 8 8 8 8 9 9 10 15 18 18 18 18 18 18 18 18 18 18 18 22 27 25 25 25 27 27 27 27 27 27 27 26 26 23 23 23 22 18 18 18 17 16 16 13 13 13 13 13 13 13 13 13 13 14 10 9 7 7 8 8 8 8 8 8 8 8 8 8 8 8 8 8 8 8 8 8 8 8 8 8 8 7 7 7 4 4 6 3 5 5 5 5 5 5 5 8 8 8 8 8 9 9 10 15 18 18 18 18 18 18 18 18 18 18 18 22 27 25 25 25 32 32 32 32 32 32 32 31 31 28 28 28 27 23 23 23 22 21 21 18 18 18 18 18 18 18 18 18 18 19 15 14 14 14 15 10 10 10 10 10 10 10 10 10 10 10 10 10 10 10 10 10 10 10 10 10 10 9 9 9 4 4 6 8 10 10 10 10 10 9 9 12 12 12 12 12 13 13 13 15 18 18 18 18 18 18 18 18 18 18 18 22 25 23 18 18 16 16 20 20 20 20 20 20 20 17 17 17 16 15 15 15 14 14 14 11 11 11 11 11 11 11 11 11 11 14 10 9 14 14 15 15 15 15 15 15 15 15 15 15 15 15 15 15 15 15 15 15 15 15 15 15 15 12 12 12 7 4 6 8 10 10 10 10 10 10 10 13 13 13 13 13 14 14 14 16 19 19 19 19 19 19 19 19 19 19 19 23 27 25 20 20 18 18 18 18 18 18 18 17 17 14 14 14 13 12 12 12 11 11 11 8 8 8 8 8 8 8 8 8 8 11 7 10 14 14 15 15 15 15 15

#Number of shift templates
4

#Shift templates
#Abbr, Full name, Start, + Minutes,  -Minutes, Length, +Minutes, -Minutes, available days
M MorningShift 6:0 120 60 480 60 60 *
D Dayshift 10:0 60 60 480 60 60 *
E Eveningshift 14:0 60 60 480 60 60 *
N Nightshift 22:0 60 60 480 60 60 *

#Duties per week: Lower limit, Upper limit
4.8 5

# Average number of hours per week
 38

# Weights about the criteria
#UnderCover:
1

#Overcover:
1

#DutiesPerWeek:
0

#Shifts:
15

#Fitness of assumed optimal Solution:
# 300

#Optimal Solution:
#Shift Start Length Duties:
# 1:  6:15    480       2  2  2  2  2  2  2
# 2:  5:45    465       2  2  2  2  2  2  2
# 3:  7:30    510       1  1  1  1  1  0  1
# 4:  8:0    510       3  3  3  3  3  3  3
# 5:  6:0    465       0  4  0  0  0  5  5
# 6:  10:0    495       1  3  1  1  1  1  1
# 7:  9:15    480       1  1  1  1  1  1  1
# 8:  9:45    525       1  1  1  1  1  0  0
# 9:  10:15    525       0  3  3  3  3  3  3
# 10:  10:0    450       4  4  4  4  4  1  1
# 11:  13:0    525       4  4  4  4  4  4  4
# 12:  14:45    435       0  0  0  0  0  4  0
# 13:  13:15    540       5  5  5  5  5  3  4
# 14:  14:15    465       4  4  4  4  4  0  0
# 15:  14:15    525       0  0  0  0  5  0  0
# 16:  22:15    420       5  5  5  3  5  5  5
# 17:  22:0    480       3  2  3  3  3  3  3
# 18:  22:15    435       0  0  0  0  0  3  3
# 19:  22:45    525       1  1  5  1  1  1  1
# 20:  21:30    420       1  2  2  1  1  3  3
