#MinuteInterval:
30

#DaysPerCycle:
7

#FlagCyclical: yes or no
yes

#Requirements:
11 11 11 11 11 11 11 11 11 11 10 10 12 9 8 8 9 9 9 9 13 15 20 20 20 20 20 20 22 22 24 19 19 19 19 18 18 15 13 13 8 8 12 7 14 14 18 17 17 17 17 17 17 17 17 17 17 17 13 13 15 9 8 8 9 9 9 9 13 15 20 20 20 20 20 20 22 22 24 19 19 19 19 18 18 15 13 13 8 8 12 7 14 14 18 17 17 17 17 17 17 17 17 17 17 17 13 13 13 8 7 7 8 8 8 8 12 14 19 19 19 19 19 19 21 22 24 19 19 19 19 18 18 15 13 13 8 8 12 7 14 14 14 13 13 13 13 13 13 13 13 13 13 13 9 9 11 9 8 8 9 9 9 9 13 15 20 20 20 20 20 20 22 22 24 19 19 19 19 18 18 15 13 13 8 8 12 7 14 14 16 15 15 15 15 15 15 15 15 15 15 15 11 11 13 9 8 8 13 13 13 13 17 19 24 24 24 24 24 24 26 26 27 18 18 18 18 17 17 14 12 12 7 7 11 6 14 14 18 17 17 17 17 17 17 17 17 17 17 17 13 13 15 9 8 8 9 9 9 9 15 18 23 23 23 23 23 23 24 22 24 19 19 19 19 16 16 13 10 10 5 5 5 3 9 9 10 9 9 9 9 9 9 9 9 9 9 9 9 9 13 10 10 10 11 11 11 11 17 20 25 25 25 25 25 25 26 26 28 23 23 23 23 20 20 17 14 14 9 9 10 4 11 11 12 11

#Number of shift templates
4

#Shift templates
#Abbr, Full name, Start, + Minutes,  -Minutes, Length, +Minutes, -Minutes, available days
M MorningShift 6:0 120 60 480 60 60 *
D Dayshift 10:0 60 60 480 60 60 *
E Eveningshift 14:0 60 60 480 60 60 *
N Nightshift 22:0 60 60 480 60 60 *

#Duties per week: Lower limit, Upper limit
4.8 5

# Average number of hours per week
 38

# Weights about the criteria
#UnderCover:
1

#Overcover:
1

#DutiesPerWeek:
0

#Shifts:
30

#Fitness of assumed optimal Solution:
# 480

#Optimal Solution:
#Shift Start Length Duties:
# 1:  6:30    480       2  2  3  2  2  2  2
# 2:  6:0    510       2  2  0  2  2  2  4
# 3:  7:0    510       4  4  4  4  4  4  4
# 4:  8:0    450       1  1  1  1  5  1  1
# 5:  11:0    540       5  5  5  5  5  5  5
# 6:  10:0    510       3  3  3  3  3  3  3
# 7:  10:0    450       1  1  1  1  1  3  3
# 8:  10:30    510       2  2  2  2  2  3  3
# 9:  14:30    420       3  3  3  3  3  1  5
# 10:  14:30    540       1  1  1  1  1  1  1
# 11:  14:0    450       2  2  2  2  2  1  1
# 12:  15:0    420       2  2  2  2  1  2  2
# 13:  21:0    480       4  4  4  4  4  0  1
# 14:  22:0    510       4  4  4  4  4  4  4
# 15:  23:0    450       4  4  0  2  4  1  1
# 16:  22:0    540       5  5  5  5  5  4  5
