#MinuteInterval:
15

#DaysPerCycle:
7

#FlagCyclical: yes or no
yes

#Requirements:
14 14 14 14 14 14 14 14 14 14 14 14 14 14 14 14 14 14 14 14 13 9 9 7 7 7 7 7 7 7 11 11 12 12 12 12 16 16 16 16 19 19 19 20 29 29 29 29 29 26 26 26 29 30 30 32 37 37 37 37 37 37 37 33 32 32 32 32 28 28 28 27 22 18 18 18 15 15 15 15 15 15 15 15 11 7 8 8 8 8 9 9 9 9 9 9 9 9 9 9 9 9 9 9 9 9 9 9 9 9 9 9 9 9 9 9 10 9 9 9 8 8 8 8 8 7 11 11 12 12 12 12 16 16 16 16 19 19 19 23 32 32 32 32 32 29 29 29 32 31 31 33 37 37 37 37 37 37 37 33 32 32 32 32 28 28 28 24 19 15 15 15 12 12 12 12 12 10 10 10 6 7 8 8 8 8 9 9 9 9 9 9 9 9 9 9 9 9 9 9 9 9 9 9 9 9 9 9 9 9 9 9 10 9 9 9 8 8 8 8 8 7 11 11 12 12 12 12 16 16 16 16 18 18 18 19 28 28 28 28 28 25 25 25 28 27 27 29 33 33 33 33 33 33 33 29 28 28 28 28 24 24 24 23 18 14 14 14 12 12 12 12 12 10 10 10 6 7 7 7 7 7 8 8 8 8 8 8 8 8 8 8 8 8 8 8 8 8 8 8 8 8 8 8 8 8 8 8 9 9 9 9 8 8 8 8 8 7 11 11 12 12 12 12 16 16 16 16 17 17 17 18 27 27 27 27 27 24 24 24 25 22 22 24 28 28 28 28 28 28 28 24 23 23 23 23 19 19 19 18 13 9 9 9 8 8 8 8 8 8 8 8 6 7 7 7 7 7 8 8 8 8 8 8 8 8 8 8 8 8 8 8 8 8 8 8 8 8 8 8 8 8 8 8 9 9 9 9 8 8 8 8 8 7 11 11 12 12 12 12 16 16 16 16 19 19 19 20 29 29 29 29 29 26 26 26 29 26 26 28 31 31 31 31 31 31 31 27 26 26 26 26 22 22 22 21 16 12 12 12 9 9 9 9 9 9 9 9 5 7 7 7 7 7 8 8 8 8 8 8 8 8 8 8 8 8 8 8 8 8 8 8 8 8 8 8 8 8 8 8 10 10 10 10 7 7 7 7 7 6 10 10 11 11 11 11 14 14 14 14 17 17 17 18 18 18 18 18 18 18 18 18 17 20 20 21 25 25 25 25 25 25 25 21 20 20 20 20 17 17 17 16 16 16 16 16 13 13 13 13 13 13 13 13 9 8 12 12 12 12 14 14 14 14 14 14 14 14 14 14 14 14 14 14 14 14 14 14 14 14 14 14 14 14 14 14 14 10 10 8 6 6 6 6 6 6 10 10 11 11 11 11 14 14 14 14 17 17 17 21 21 21 21 21 21 21 21 21 20 25 25 26 30 30 30 30 30 30 30 26 25 25 25 25 22 22 22 18 18 18 18 18 15 15 15 15 15 13 13 13 9 8 12 12 12 12 14 14 14 14 14 14

#Number of shift templates
4

#Shift templates
#Abbr, Full name, Start, + Minutes,  -Minutes, Length, +Minutes, -Minutes, available days
M MorningShift 6:0 120 60 480 60 60 *
D Dayshift 10:0 60 60 480 60 60 *
E Eveningshift 14:0 60 60 480 60 60 *
N Nightshift 22:0 60 60 480 60 60 *

#Duties per week: Lower limit, Upper limit
4.8 5

# Average number of hours per week
 38

# Weights about the criteria
#UnderCover:
1

#Overcover:
1

#DutiesPerWeek:
0

#Shifts:
15

#Fitness of assumed optimal Solution:
# 300

#Optimal Solution:
#Shift Start Length Duties:
# 1:  6:0    435       3  3  3  3  3  1  1
# 2:  7:30    495       4  4  4  4  4  4  4
# 3:  5:0    435       3  3  3  3  3  0  0
# 4:  5:0    480       1  1  1  1  1  5  5
# 5:  8:0    480       1  1  1  1  1  1  1
# 6:  11:0    420       5  5  5  5  5  0  0
# 7:  10:0    540       3  3  2  1  3  3  3
# 8:  10:45    420       1  4  1  1  1  1  4
# 9:  11:0    435       4  4  4  4  4  0  0
# 10:  9:0    480       4  4  4  4  4  3  3
# 11:  13:45    450       2  2  2  2  2  1  1
# 12:  14:0    435       5  4  4  4  3  4  4
# 13:  13:15    480       4  0  0  0  0  4  4
# 14:  13:0    480       4  4  4  2  4  4  4
# 15:  13:15    420       0  2  2  0  0  0  2
# 16:  21:15    465       3  3  3  3  3  5  5
# 17:  21:30    465       1  1  0  0  0  4  4
# 18:  21:15    525       4  4  4  4  4  3  3
# 19:  22:30    525       1  1  1  1  1  0  0
# 20:  22:30    435       0  0  0  0  0  2  2
