#MinuteInterval:
15

#DaysPerCycle:
7

#FlagCyclical: yes or no
yes

#Requirements:
13 13 13 13 13 13 13 13 13 13 13 13 13 13 13 13 13 13 13 9 9 9 9 11 12 17 17 17 13 13 10 12 12 12 12 12 12 12 17 17 20 20 26 26 26 26 26 26 26 26 26 26 31 26 26 31 30 30 26 26 26 26 26 26 26 24 24 24 24 24 24 19 16 15 15 15 15 15 10 10 10 10 10 10 5 9 9 9 9 10 5 9 10 10 10 10 10 10 10 10 10 10 10 10 10 10 10 10 10 10 10 10 10 10 10 6 6 6 6 9 10 15 15 15 11 11 10 13 13 13 13 13 13 13 18 18 18 18 24 24 24 24 24 24 24 24 24 24 24 19 19 24 23 23 19 19 19 19 19 19 19 16 16 16 16 16 16 11 11 10 10 10 10 10 5 5 5 5 5 5 5 9 9 9 9 9 4 8 9 9 9 9 9 9 9 9 9 9 9 9 9 9 9 9 9 9 9 9 9 9 9 5 5 5 5 9 10 15 15 15 11 11 10 12 12 12 12 12 12 12 15 15 18 18 24 24 24 24 24 24 24 24 24 24 29 24 24 29 28 28 24 24 24 24 24 24 24 22 22 22 22 22 22 19 16 15 15 15 15 15 10 10 10 10 10 10 5 9 9 9 9 10 5 9 10 10 10 10 10 10 10 10 10 10 10 10 10 10 10 10 10 10 10 10 10 10 10 6 6 6 6 9 10 15 15 15 11 11 10 12 12 12 12 12 12 12 15 15 18 18 24 24 24 24 24 24 24 24 24 24 29 24 24 29 28 28 24 24 24 24 24 24 24 22 22 22 22 22 22 19 16 15 15 15 15 15 10 10 10 10 10 10 5 9 9 9 9 10 5 6 11 11 11 11 11 11 11 11 11 11 11 11 11 11 11 11 11 11 11 11 11 11 11 7 7 7 7 10 11 16 16 16 15 15 10 12 12 12 12 12 12 12 17 17 20 20 26 26 26 26 26 26 26 26 26 26 31 26 26 31 30 30 26 26 26 26 26 26 26 24 24 24 24 24 24 19 16 15 15 15 15 15 10 10 10 10 10 10 5 9 9 9 9 10 5 9 10 10 10 10 10 10 10 10 10 10 10 10 10 10 10 10 10 10 10 10 10 10 10 6 6 6 6 8 9 9 9 9 5 5 4 7 7 7 7 7 7 7 9 9 13 13 19 19 19 19 19 19 19 19 19 19 20 20 22 27 26 27 24 24 24 24 24 24 24 21 21 21 21 21 21 19 15 14 14 14 14 14 9 9 9 9 7 7 6 10 10 10 10 11 6 10 14 14 14 14 14 14 14 14 14 14 14 14 14 14 14 14 14 14 14 14 14 14 14 10 10 10 10 11 12 12 12 12 8 8 4 7 7 7 7 7 7 7 9 9 10 10 16 16 16 16 16 16 16 16 16 16 17 17 19 24 23 24 21 21 21 21 21 21 21 18 18 18 18 18 18 16 15 14 14 14 14 14 9 9 9 9 7 7 6 10 10 10 10 11 6 10 13 13 13 13

#Number of shift templates
4

#Shift templates
#Abbr, Full name, Start, + Minutes,  -Minutes, Length, +Minutes, -Minutes, available days
M MorningShift 6:0 120 60 480 60 60 *
D Dayshift 10:0 60 60 480 60 60 *
E Eveningshift 14:0 60 60 480 60 60 *
N Nightshift 22:0 60 60 480 60 60 *

#Duties per week: Lower limit, Upper limit
4.8 5

# Average number of hours per week
 38

# Weights about the criteria
#UnderCover:
1

#Overcover:
1

#DutiesPerWeek:
0

#Shifts:
15

#Fitness of assumed optimal Solution:
# 240

#Optimal Solution:
#Shift Start Length Duties:
# 1:  7:45    510       2  3  2  2  2  3  3
# 2:  5:45    525       4  4  4  4  4  3  3
# 3:  6:0    480       1  1  1  1  1  1  1
# 4:  6:15    420       5  5  5  5  5  0  0
# 5:  10:30    540       5  5  5  5  5  5  5
# 6:  9:30    495       5  5  3  3  5  2  2
# 7:  10:30    465       1  1  1  1  1  1  1
# 8:  10:0    480       3  0  3  3  3  4  1
# 9:  14:15    480       0  0  0  0  0  1  1
# 10:  13:0    480       5  0  5  5  5  1  1
# 11:  13:45    525       5  5  5  5  5  5  5
# 12:  13:30    420       0  0  0  0  0  2  2
# 13:  22:45    495       4  4  4  1  4  4  4
# 14:  21:15    450       4  4  4  4  4  4  4
# 15:  23:0    510       1  1  1  5  1  4  3
# 16:  22:15    450       1  0  1  1  1  2  2
