#MinuteInterval:
30

#DaysPerCycle:
7

#FlagCyclical: yes or no
yes

#Requirements:
9 9 9 9 9 9 9 9 9 9 9 8 9 13 12 10 15 15 19 19 22 22 25 25 25 25 25 25 27 31 34 30 30 28 23 23 18 16 16 13 13 13 13 13 13 12 18 13 11 11 11 11 11 11 11 11 11 11 14 14 15 13 10 8 13 13 17 17 20 20 23 23 23 23 23 23 21 21 25 23 23 21 16 16 11 9 9 6 6 6 11 11 11 14 19 18 16 16 16 16 16 16 16 16 16 16 19 14 15 13 10 8 13 13 15 15 18 18 23 23 23 23 23 23 23 27 30 28 28 26 21 21 18 16 16 11 11 11 16 16 16 17 23 18 16 16 16 16 16 16 16 16 16 16 19 14 15 13 10 8 8 8 12 12 16 20 23 23 23 23 23 23 23 27 30 28 28 26 26 26 21 18 18 11 11 11 16 16 16 15 21 16 14 14 14 14 14 14 14 14 14 14 17 12 13 11 8 6 11 11 15 15 18 18 21 21 21 21 21 21 21 25 28 26 26 26 21 21 16 14 14 11 11 11 16 16 16 17 23 18 16 16 16 16 16 16 16 16 16 16 17 12 13 13 10 9 14 14 18 18 24 25 28 28 28 28 29 29 31 35 37 33 33 30 25 25 17 15 15 11 11 11 16 15 18 19 22 17 16 16 16 16 16 16 16 16 16 16 14 9 10 11 10 9 14 14 15 15 18 19 22 22 22 22 23 23 25 29 31 27 27 24 19 19 17 15 15 11 11 11 12 11 14 15 15 10

#Number of shift templates
4

#Shift templates
#Abbr, Full name, Start, + Minutes,  -Minutes, Length, +Minutes, -Minutes, available days
M MorningShift 6:0 120 60 480 60 60 *
D Dayshift 10:0 60 60 480 60 60 *
E Eveningshift 14:0 60 60 480 60 60 *
N Nightshift 22:0 60 60 480 60 60 *

#Duties per week: Lower limit, Upper limit
4.8 5

# Average number of hours per week
 38

# Weights about the criteria
#UnderCover:
1

#Overcover:
1

#DutiesPerWeek:
0

#Shifts:
30

#Fitness of assumed optimal Solution:
# 600

#Optimal Solution:
#Shift Start Length Duties:
# 1:  8:0    540       5  5  5  0  5  5  5
# 2:  5:0    540       3  3  3  3  3  1  1
# 3:  6:30    540       4  2  2  2  2  4  4
# 4:  6:0    510       1  1  1  1  1  1  1
# 5:  7:30    540       2  2  2  2  0  3  3
# 6:  11:0    510       3  3  5  3  3  3  3
# 7:  10:0    480       1  1  1  1  1  4  1
# 8:  10:0    510       2  2  2  3  2  2  2
# 9:  10:30    540       0  0  0  4  0  1  1
# 10:  9:0    540       4  4  2  4  4  4  1
# 11:  15:0    540       2  2  2  2  2  1  1
# 12:  14:30    540       5  1  5  5  5  5  5
# 13:  15:0    480       1  2  1  1  1  1  1
# 14:  14:0    510       5  1  3  3  3  3  3
# 15:  13:0    510       0  0  0  0  0  1  1
# 16:  21:0    510       0  5  5  5  5  5  1
# 17:  22:30    540       4  4  4  2  4  4  4
# 18:  23:0    480       3  3  3  3  3  1  1
# 19:  22:0    420       0  0  0  0  0  3  3
# 20:  23:0    450       4  4  4  4  4  3  0
