#MinuteInterval:
30

#DaysPerCycle:
7

#FlagCyclical: yes or no
yes

#Requirements:
7 7 7 7 7 7 7 7 7 7 7 7 12 7 6 11 12 12 12 19 23 24 24 24 24 24 22 23 23 24 18 18 18 18 14 9 9 7 7 6 6 5 10 13 12 21 17 17 17 17 17 17 17 17 17 17 17 17 17 9 12 9 9 14 15 15 15 22 26 27 27 27 27 27 25 26 26 27 21 21 18 18 14 9 9 7 7 6 6 5 10 13 12 21 17 17 17 17 17 17 17 17 17 17 17 17 17 9 12 9 8 13 14 14 14 16 20 23 23 23 23 23 21 23 23 24 18 18 16 16 12 12 12 10 10 7 7 6 11 14 13 21 17 17 17 17 17 17 17 17 17 17 17 17 17 9 12 9 6 11 12 12 12 18 22 23 23 23 23 23 21 22 22 23 17 17 17 17 13 9 9 7 7 6 6 5 10 13 12 21 17 17 17 17 17 17 17 17 17 17 17 17 17 9 12 9 6 11 12 12 12 19 23 26 26 26 26 26 24 26 26 27 21 21 21 21 17 12 12 10 10 7 7 5 10 13 12 21 17 17 17 17 17 17 17 17 17 17 17 17 17 9 7 4 3 8 12 12 12 21 25 33 33 33 33 33 33 33 37 41 32 32 30 30 26 22 22 12 12 9 9 9 14 14 13 16 11 11 11 11 11 11 11 11 11 11 11 11 11 6 6 1 1 6 10 10 10 20 24 30 30 30 30 30 30 30 34 38 29 29 29 29 25 20 20 14 14 9 9 9 9 9 8 12 7 7

#Number of shift templates
4

#Shift templates
#Abbr, Full name, Start, + Minutes,  -Minutes, Length, +Minutes, -Minutes, available days
M MorningShift 6:0 120 60 480 60 60 *
D Dayshift 10:0 60 60 480 60 60 *
E Eveningshift 14:0 60 60 480 60 60 *
N Nightshift 22:0 60 60 480 60 60 *

#Duties per week: Lower limit, Upper limit
4.8 5

# Average number of hours per week
 38

# Weights about the criteria
#UnderCover:
1

#Overcover:
1

#DutiesPerWeek:
0

#Shifts:
30

#Fitness of assumed optimal Solution:
# 600

#Optimal Solution:
#Shift Start Length Duties:
# 1:  7:30    450       5  5  5  5  5  5  5
# 2:  7:0    540       0  3  2  0  0  2  0
# 3:  6:0    480       4  4  4  4  4  1  1
# 4:  8:0    420       1  1  1  1  1  4  4
# 5:  6:0    420       2  2  2  2  2  0  0
# 6:  9:30    540       2  2  2  2  2  5  5
# 7:  10:0    420       4  4  4  4  4  4  4
# 8:  9:30    480       5  5  0  4  5  4  5
# 9:  10:30    480       0  0  0  0  0  5  1
# 10:  10:30    540       1  1  3  1  3  3  5
# 11:  13:30    540       0  0  1  0  0  0  0
# 12:  14:0    540       4  4  4  4  4  5  5
# 13:  14:30    450       1  1  1  1  1  1  1
# 14:  13:30    420       1  1  1  1  2  0  0
# 15:  14:30    480       0  0  0  0  0  3  3
# 16:  21:30    480       3  3  3  3  3  0  0
# 17:  22:30    510       3  3  3  3  3  0  1
# 18:  22:30    480       3  3  3  3  3  5  5
# 19:  21:0    510       5  5  5  5  5  5  0
# 20:  22:30    450       3  3  3  3  3  1  1
