#MinuteInterval:
15

#DaysPerCycle:
7

#FlagCyclical: yes or no
yes

#Requirements:
12 12 12 12 12 12 12 12 12 12 12 12 12 12 12 12 12 12 12 12 12 7 7 2 7 6 5 10 10 10 10 10 12 12 12 12 17 17 17 17 17 20 22 26 26 26 26 26 26 26 26 26 26 30 30 26 25 25 25 32 36 36 36 31 31 31 31 31 29 26 26 21 21 21 21 19 19 19 15 15 15 15 15 15 15 15 11 8 12 12 17 18 18 14 14 10 10 10 10 10 10 10 10 10 10 10 10 10 10 10 10 10 10 10 10 10 10 7 7 2 8 7 6 9 9 9 9 9 11 11 11 11 16 16 16 16 16 21 23 27 27 27 27 27 27 27 27 27 27 31 31 28 25 25 25 33 37 37 37 34 34 34 34 34 32 27 27 22 22 22 22 20 20 20 16 16 16 16 16 16 16 16 12 8 11 11 16 17 17 13 13 9 9 9 9 9 9 9 9 9 9 9 9 9 9 9 9 9 9 9 9 9 9 7 7 2 8 7 6 11 11 11 11 11 13 13 13 13 18 18 18 18 18 19 21 25 25 25 25 25 25 25 25 25 25 29 29 26 23 23 23 31 31 31 31 26 26 26 26 26 24 23 23 18 18 18 18 16 16 16 12 12 12 12 12 12 12 12 8 4 10 10 15 16 16 16 16 12 12 12 12 12 12 12 12 12 12 12 12 12 12 12 12 12 12 12 12 12 12 7 7 2 8 7 6 11 11 11 11 11 13 13 13 13 18 18 18 18 18 21 23 27 27 27 27 27 27 27 27 27 27 31 31 28 25 25 25 33 37 37 37 32 32 32 32 32 30 27 27 22 22 22 22 20 20 20 16 16 16 16 16 16 16 16 12 8 12 12 16 17 17 13 13 9 9 9 9 9 9 9 9 9 9 9 9 9 9 9 9 9 9 9 9 9 9 6 6 2 8 7 6 11 11 11 11 11 13 13 13 13 18 18 18 18 18 21 23 27 27 27 27 27 27 27 27 27 27 28 28 25 22 22 22 30 34 34 34 29 29 29 29 29 27 24 24 19 19 19 19 17 17 17 13 13 13 13 13 13 13 13 12 8 11 11 16 17 17 13 13 9 9 9 9 9 9 9 9 9 9 9 9 9 9 9 9 9 9 9 9 9 9 7 7 2 8 7 6 6 6 6 6 6 10 10 10 10 15 15 15 15 15 18 19 24 24 24 24 24 24 24 24 24 24 28 28 27 22 22 22 23 27 27 27 27 27 27 27 27 23 20 20 15 15 15 15 14 14 14 9 9 9 9 9 9 9 9 5 4 10 10 15 16 16 12 12 12 12 12 12 12 12 12 12 12 12 12 12 12 12 12 12 12 12 12 12 12 12 7 7 2 8 7 6 6 6 6 6 6 10 10 10 10 15 15 15 15 15 18 19 24 24 24 24 24 24 24 24 24 24 24 24 23 18 18 18 19 23 23 23 23 23 23 23 23 19 16 16 11 11 11 11 10 10 10 5 5 5 5 5 5 5 5 5 4 10 10 15 16 16 12 12 12

#Number of shift templates
4

#Shift templates
#Abbr, Full name, Start, + Minutes,  -Minutes, Length, +Minutes, -Minutes, available days
M MorningShift 6:0 120 60 480 60 60 *
D Dayshift 10:0 60 60 480 60 60 *
E Eveningshift 14:0 60 60 480 60 60 *
N Nightshift 22:0 60 60 480 60 60 *

#Duties per week: Lower limit, Upper limit
4.8 5

# Average number of hours per week
 38

# Weights about the criteria
#UnderCover:
1

#Overcover:
1

#DutiesPerWeek:
0

#Shifts:
15

#Fitness of assumed optimal Solution:
# 240

#Optimal Solution:
#Shift Start Length Duties:
# 1:  6:0    480       1  3  3  3  3  5  5
# 2:  6:45    540       5  3  5  5  5  0  0
# 3:  8:0    540       2  2  2  2  2  4  4
# 4:  6:0    465       4  3  3  3  3  1  1
# 5:  10:15    420       3  5  1  3  3  3  3
# 6:  9:0    525       5  5  5  5  5  5  5
# 7:  10:30    495       2  2  2  2  2  1  1
# 8:  10:45    525       4  4  4  4  4  5  5
# 9:  14:45    420       3  4  4  4  4  1  1
# 10:  14:45    540       4  4  4  4  4  0  0
# 11:  13:15    495       4  4  4  4  1  4  0
# 12:  15:0    495       4  4  0  4  4  4  4
# 13:  22:0    435       3  2  5  3  2  5  5
# 14:  22:0    495       1  1  1  1  1  1  1
# 15:  22:45    465       1  1  1  1  1  1  1
# 16:  22:30    435       5  5  5  4  5  5  5
