#MinuteInterval:
15

#DaysPerCycle:
7

#FlagCyclical: yes or no
yes

#Requirements:
15 15 15 15 15 15 15 15 15 15 15 15 15 15 15 15 15 15 15 15 15 15 10 17 17 17 13 16 16 14 14 14 14 14 14 14 19 19 19 23 28 28 30 32 32 32 32 32 32 32 32 29 29 33 33 35 31 30 30 28 28 28 28 28 28 28 28 23 23 23 19 19 19 19 14 12 12 12 10 10 10 7 7 7 11 11 11 16 17 17 15 15 18 18 18 18 18 18 18 18 18 18 18 18 18 18 18 18 18 18 18 18 18 18 18 18 18 18 12 19 19 19 13 16 16 15 15 15 15 15 15 15 15 15 15 17 19 19 21 24 24 24 24 24 24 24 24 21 21 25 25 27 23 22 22 20 20 20 20 20 19 19 19 19 19 19 17 17 17 17 15 13 13 13 10 10 10 7 7 7 11 11 11 16 17 17 15 15 18 18 18 18 18 18 18 18 18 18 18 18 18 18 18 18 18 18 18 18 18 18 18 18 18 18 12 20 20 20 14 17 17 16 16 16 16 16 16 16 21 21 21 22 24 24 26 29 29 29 29 29 29 29 29 25 25 29 29 31 27 26 26 24 24 24 24 24 23 23 23 18 18 18 17 17 17 17 15 13 13 13 10 10 10 7 7 7 11 11 11 16 17 17 15 15 18 18 18 18 18 18 18 18 18 18 18 18 18 18 18 18 18 18 18 18 18 18 18 18 18 18 12 19 19 19 13 16 16 14 14 14 14 14 14 14 14 14 14 18 20 20 22 25 25 25 25 25 25 25 25 22 22 26 26 28 24 23 23 21 21 21 21 21 21 21 21 21 21 21 17 17 17 17 15 13 13 13 10 10 10 7 7 7 11 11 11 13 14 14 12 12 15 15 15 15 15 15 15 15 15 15 15 15 15 15 15 15 15 15 15 15 15 15 15 15 15 15 9 16 16 16 13 16 16 14 14 14 14 14 14 14 19 19 19 23 25 25 27 30 30 30 30 30 30 30 30 27 27 31 31 33 29 28 28 26 26 26 26 26 26 26 26 21 21 21 17 17 17 17 15 13 13 13 10 10 10 7 7 7 11 11 11 16 16 16 14 14 17 17 17 17 17 17 17 17 17 17 17 17 17 17 17 17 17 17 17 17 17 17 17 17 17 17 12 19 19 19 13 17 17 15 15 15 15 15 15 15 17 17 17 21 24 24 27 30 30 30 30 30 30 30 30 27 27 31 31 33 29 27 27 28 28 28 28 28 28 28 28 26 26 26 22 22 22 22 19 16 16 16 13 13 13 10 10 10 13 13 13 16 14 14 12 12 16 16 16 16 16 16 16 16 16 16 16 16 16 16 16 16 16 16 16 16 16 16 16 16 16 16 11 18 18 18 14 18 18 15 15 15 15 15 15 15 17 17 17 19 22 22 25 28 28 28 28 28 28 28 28 25 25 29 29 31 27 27 27 28 28 28 28 28 28 28 28 26 26 26 24 24 24 24 21 18 18 18 15 15 15 12 12 12 15 15 15 18 14 14 12 12 15 15 15 15

#Number of shift templates
4

#Shift templates
#Abbr, Full name, Start, + Minutes,  -Minutes, Length, +Minutes, -Minutes, available days
M MorningShift 6:0 120 60 480 60 60 *
D Dayshift 10:0 60 60 480 60 60 *
E Eveningshift 14:0 60 60 480 60 60 *
N Nightshift 22:0 60 60 480 60 60 *

#Duties per week: Lower limit, Upper limit
4.8 5

# Average number of hours per week
 38

# Weights about the criteria
#UnderCover:
1

#Overcover:
1

#DutiesPerWeek:
0

#Shifts:
15

#Fitness of assumed optimal Solution:
# 300

#Optimal Solution:
#Shift Start Length Duties:
# 1:  5:45    420       3  3  4  3  3  3  3
# 2:  6:45    450       3  3  3  3  3  4  4
# 3:  5:30    510       4  4  4  4  4  4  4
# 4:  5:45    540       4  4  4  4  4  4  4
# 5:  7:15    525       0  1  1  0  0  0  0
# 6:  9:0    465       5  0  5  0  5  2  2
# 7:  9:45    465       4  2  1  4  4  4  2
# 8:  10:45    525       2  3  3  3  3  3  3
# 9:  10:0    510       5  2  2  2  2  3  3
# 10:  10:30    495       2  2  2  2  2  3  3
# 11:  13:15    465       1  1  1  1  1  1  1
# 12:  14:15    465       2  2  2  2  2  2  4
# 13:  13:15    420       3  3  3  3  3  3  3
# 14:  13:45    525       2  2  2  2  2  2  2
# 15:  14:45    435       2  2  2  2  2  5  5
# 16:  23:0    450       1  1  1  1  1  1  1
# 17:  21:0    510       5  5  5  5  5  4  4
# 18:  21:45    525       5  5  5  2  5  3  3
# 19:  23:0    495       2  2  2  2  2  3  2
# 20:  22:0    450       5  5  5  5  4  5  5
