#MinuteInterval:
15

#DaysPerCycle:
7

#FlagCyclical: yes or no
yes

#Requirements:
8 8 8 8 8 8 8 8 8 8 8 8 8 8 8 8 8 5 0 0 0 0 0 0 0 0 0 4 4 4 4 4 5 5 5 5 5 5 5 5 5 7 9 14 14 14 14 14 14 14 14 14 14 14 14 14 14 14 14 14 14 10 9 9 9 9 9 9 9 7 7 7 7 7 7 7 0 0 0 0 0 0 0 0 9 13 13 13 13 13 13 13 13 13 13 13 13 13 13 13 13 13 13 13 13 13 13 13 13 13 13 13 13 9 4 4 0 0 0 0 0 0 0 4 4 4 4 4 5 5 5 5 5 5 5 5 5 5 5 10 10 10 10 10 10 10 10 10 10 10 10 10 10 10 10 10 10 6 5 5 5 5 5 5 5 5 5 5 5 5 5 5 0 0 0 0 0 0 0 0 9 13 13 13 13 13 13 13 13 13 13 13 13 13 13 13 13 13 13 13 13 13 13 13 13 13 13 13 13 9 4 4 0 0 0 0 0 0 0 5 5 5 5 5 6 6 6 6 6 6 6 6 6 8 8 13 13 13 13 13 13 13 13 13 13 13 13 13 13 13 13 13 13 8 7 7 7 7 7 7 7 5 5 5 5 5 5 5 0 0 0 0 0 0 0 0 9 13 13 13 13 13 13 13 13 13 13 13 13 13 13 13 13 13 13 13 13 13 13 13 13 13 13 13 13 9 4 4 0 0 0 0 0 0 0 4 4 4 4 4 5 5 5 5 5 5 5 5 5 7 7 12 12 12 12 12 12 12 12 12 12 12 12 12 12 12 12 12 12 8 7 7 7 7 7 7 7 5 5 5 5 5 5 5 0 0 0 0 0 0 0 0 9 13 13 13 13 13 13 13 13 13 13 13 13 13 13 13 13 13 13 13 13 13 13 13 13 13 13 13 13 9 4 4 0 0 0 0 0 0 0 4 4 4 4 4 9 9 9 9 9 9 9 9 9 11 11 16 16 16 16 16 16 16 16 16 16 16 16 16 16 16 16 16 16 12 7 7 7 7 7 7 7 5 5 5 5 5 5 5 0 0 0 0 0 0 0 0 6 10 10 10 10 10 10 10 10 10 10 10 10 10 10 10 10 10 10 10 10 10 10 10 10 10 10 10 10 9 4 4 0 0 0 0 0 0 0 4 4 4 4 4 5 5 5 5 5 5 5 5 5 7 7 8 8 8 8 8 8 8 8 8 8 8 8 8 8 8 8 8 8 4 3 3 3 3 3 3 3 1 1 1 1 1 1 1 0 0 0 0 0 0 0 0 8 8 8 8 8 8 8 8 8 8 8 8 8 8 8 8 8 8 8 8 8 8 8 8 8 8 8 8 8 5 0 0 0 0 0 0 0 0 0 4 4 4 4 4 5 5 5 5 5 5 5 5 5 7 7 8 8 8 8 8 8 8 8 8 8 8 8 8 8 8 8 8 8 4 3 3 3 3 3 3 3 1 1 1 1 1 1 1 0 0 0 0 0 0 0 0 8 8 8 8 8 8 8 8 8 8 8 8

#Number of shift templates
4

#Shift templates
#Abbr, Full name, Start, + Minutes,  -Minutes, Length, +Minutes, -Minutes, available days
F Frühschicht 6:0 120 60 480 60 60 *
T Tagschicht 10:0 60 60 480 60 60 *
S Spätschicht 14:0 60 60 480 60 60 *
N Nachtschicht 22:0 60 60 480 60 60 *

#Duties per week: Lower limit, Upper limit
3 5

# Average number of hours per week
 38.5

# Weights about the criteria
#UnderCover:
1

#Overcover:
1

#DutiesPerWeek:
1000

#Shifts:
15

#Fitness of assumed optimal Solution:
# 120

#Optimal Solution:
#Shift Start Length Duties:
# 1:  8:0    450       1  1  1  1  5  1  1
# 2:  6:45    510       4  4  5  4  4  4  4
# 3:  10:45    495       5  5  5  5  5  1  1
# 4:  10:30    510       2  0  0  0  0  0  0
# 5:  10:15    420       2  0  2  2  2  2  2
# 6:  9:30    525       0  0  0  0  0  0  0
# 7:  21:0    435       4  4  4  4  1  3  3
# 8:  21:0    450       5  5  5  5  5  5  5
# 9:  21:15    465       4  4  4  4  4  0  0
