#MinuteInterval:
15

#DaysPerCycle:
7

#FlagCyclical: yes or no
yes

#Requirements:
0 0 0 0 0 0 0 0 0 0 0 0 0 0 0 0 0 0 0 0 0 0 0 3 3 4 4 4 6 6 6 6 11 11 11 11 11 21 23 23 23 24 24 24 24 24 24 24 24 24 24 24 24 24 27 27 28 32 29 27 27 27 27 27 27 22 22 22 22 22 22 22 15 10 10 10 10 9 9 9 9 9 9 9 6 6 6 6 6 6 4 0 0 0 0 0 0 0 0 0 0 0 0 0 0 0 0 0 0 0 0 0 0 0 0 0 0 0 0 3 3 4 4 4 5 5 5 5 10 10 10 10 10 20 22 22 22 23 23 23 23 23 23 23 23 23 23 23 23 23 26 26 27 31 28 27 27 27 27 27 27 22 22 22 22 22 22 22 15 10 10 10 10 9 9 9 9 9 9 9 6 6 6 6 6 6 4 0 0 0 0 0 0 0 0 0 0 0 0 0 0 0 0 0 0 0 0 0 0 0 0 0 0 0 0 3 3 8 8 8 9 9 9 9 14 14 14 14 14 24 26 26 26 27 27 27 27 27 27 27 27 27 27 27 27 27 31 31 28 32 29 28 28 28 28 28 28 23 23 23 23 23 23 23 16 11 11 11 11 10 10 10 10 10 10 10 6 6 6 6 6 6 4 0 0 0 0 0 0 0 0 0 0 0 0 0 0 0 0 0 0 0 0 0 0 0 0 0 0 0 0 3 3 4 4 4 5 5 5 5 10 10 10 10 10 20 22 22 22 23 23 23 23 23 23 23 23 23 23 23 23 23 26 26 27 29 26 25 25 25 25 25 25 20 20 20 20 20 20 20 13 8 8 8 8 7 7 7 7 7 7 7 4 4 4 4 4 4 2 0 0 0 0 0 0 0 0 0 0 0 0 0 0 0 0 0 0 0 0 0 0 0 0 0 0 0 0 3 3 4 4 4 5 5 5 5 10 10 10 10 10 20 22 22 22 23 23 23 23 23 23 23 23 23 23 23 23 23 26 26 27 31 28 27 27 27 27 27 27 22 22 22 22 22 22 22 15 10 10 10 10 9 9 9 9 9 9 9 6 6 6 6 6 6 4 0 0 0 0 0 0 0 0 0 0 0 0 0 0 0 0 0 0 0 0 0 0 0 0 0 0 0 0 4 4 6 6 6 7 7 7 7 11 11 11 11 11 17 19 19 19 22 22 23 23 23 23 23 23 23 23 23 23 23 26 26 27 31 27 26 26 26 26 26 26 22 22 22 22 22 22 21 18 13 13 13 13 10 10 10 10 10 10 10 7 7 7 7 7 7 4 0 0 0 0 0 0 0 0 0 0 0 0 0 0 0 0 0 0 0 0 0 0 0 0 0 0 0 0 4 4 6 6 6 7 7 7 7 11 11 11 11 11 18 20 20 20 23 23 24 24 24 24 24 24 24 24 24 24 24 27 27 28 32 28 27 27 27 27 27 27 23 23 23 23 23 23 22 18 13 13 13 13 10 10 10 10 10 10 10 7 7 7 7 7 7 4 0 0 0 0 0

#Number of shift templates
4

#Shift templates
#Abbr, Full name, Start, + Minutes,  -Minutes, Length, +Minutes, -Minutes, available days
F Frühschicht 6:0 120 60 480 60 60 *
T Tagschicht 10:0 60 60 480 60 60 *
S Spätschicht 14:0 60 60 480 60 60 *
N Nachtschicht 22:0 60 60 480 60 60 *

#Duties per week: Lower limit, Upper limit
3 5

# Average number of hours per week
 38.5

# Weights about the criteria
#UnderCover:
1

#Overcover:
1

#DutiesPerWeek:
1000

#Shifts:
15

#Fitness of assumed optimal Solution:
# 180

#Optimal Solution:
#Shift Start Length Duties:
# 1:  5:45    525       3  3  3  3  3  4  4
# 2:  7:0    465       2  1  1  1  1  1  1
# 3:  6:15    465       1  1  5  1  1  2  2
# 4:  8:0    495       5  5  5  5  5  4  4
# 5:  9:30    510       2  2  2  2  2  2  2
# 6:  10:45    420       0  0  0  0  0  1  1
# 7:  10:15    540       1  1  1  1  1  3  3
# 8:  9:15    525       5  5  5  5  5  1  2
# 9:  9:15    540       5  5  5  5  5  5  5
# 10:  13:30    450       3  3  4  3  3  3  3
# 11:  14:0    510       2  2  2  2  2  3  3
# 12:  14:15    510       4  4  4  2  4  4  4
