#MinuteInterval:
15

#DaysPerCycle:
7

#FlagCyclical: yes or no
yes

#Requirements:
13 13 13 13 13 13 13 13 13 13 13 13 13 13 13 13 13 13 13 13 13 10 7 3 3 0 0 0 0 0 0 0 0 0 0 0 3 3 3 3 3 3 8 8 8 8 8 8 8 8 8 8 10 10 10 10 10 10 10 10 10 10 10 10 10 10 10 10 10 10 5 2 2 2 2 2 2 2 2 2 2 2 0 0 4 4 4 4 8 16 16 16 16 16 16 16 16 16 16 16 16 16 16 16 16 16 16 16 16 16 16 16 16 16 16 16 16 13 8 4 4 0 0 0 0 0 0 0 0 0 0 0 3 3 3 3 3 3 5 5 5 5 5 5 5 5 5 5 7 7 7 7 7 7 7 7 7 7 7 7 7 7 7 7 7 7 5 2 2 2 2 2 2 2 2 2 2 2 0 0 4 4 4 4 8 16 16 16 16 16 16 16 16 16 16 16 16 16 16 16 16 16 16 16 16 16 16 16 16 16 16 16 16 13 8 4 4 0 0 0 0 0 0 0 0 0 0 0 5 5 5 5 5 5 10 10 10 10 10 10 10 10 10 10 12 12 12 12 12 12 12 12 12 12 12 12 12 12 12 12 12 12 7 2 2 2 2 2 2 2 2 2 2 2 0 0 4 4 4 4 8 16 16 16 16 16 16 16 16 16 16 16 16 16 16 16 16 16 16 16 16 16 16 16 16 16 16 16 16 13 8 4 4 0 0 0 0 0 0 0 0 0 0 0 3 3 3 3 3 3 8 8 8 8 8 8 8 8 8 8 10 10 10 10 10 10 10 10 10 10 10 10 10 10 10 10 10 10 5 2 2 2 2 2 2 2 2 2 2 2 0 0 4 4 4 4 8 16 16 16 16 16 16 16 16 16 16 16 16 16 16 16 16 16 16 16 16 16 16 16 16 16 16 16 16 13 8 4 4 0 0 0 0 0 0 0 0 0 0 0 3 3 3 3 3 3 8 8 8 8 8 8 8 8 8 8 10 10 10 10 10 10 10 10 10 10 10 10 10 10 10 10 10 10 5 2 2 2 2 2 2 2 2 2 2 2 0 0 4 4 4 4 8 16 16 16 16 16 16 16 16 16 16 16 16 16 16 16 16 16 16 16 16 16 16 16 16 16 16 16 16 13 8 4 4 0 0 0 0 0 0 0 0 0 0 0 0 0 0 0 0 0 5 5 5 5 5 5 5 5 5 5 10 10 10 10 10 10 10 10 10 10 10 10 10 10 10 10 10 10 5 5 5 5 5 5 5 5 5 5 5 5 0 0 5 5 5 5 8 11 11 11 11 11 11 11 11 11 11 11 11 11 11 11 11 11 11 11 11 11 11 11 11 11 11 11 11 8 8 3 3 0 0 0 0 0 0 0 0 0 0 0 0 0 0 0 0 0 5 5 5 5 5 5 5 5 5 5 10 10 10 10 10 10 10 10 10 10 10 10 10 10 10 10 10 10 5 5 5 5 5 5 5 5 5 5 5 5 0 0 4 4 4 4 7 13 13 13 13 13 13 13

#Number of shift templates
4

#Shift templates
#Abbr, Full name, Start, + Minutes,  -Minutes, Length, +Minutes, -Minutes, available days
F Frühschicht 6:0 120 60 480 60 60 *
T Tagschicht 10:0 60 60 480 60 60 *
S Spätschicht 14:0 60 60 480 60 60 *
N Nachtschicht 22:0 60 60 480 60 60 *

#Duties per week: Lower limit, Upper limit
3 5

# Average number of hours per week
 38.5

# Weights about the criteria
#UnderCover:
1

#Overcover:
1

#DutiesPerWeek:
1000

#Shifts:
15

#Fitness of assumed optimal Solution:
# 105

#Optimal Solution:
#Shift Start Length Duties:
# 1:  10:15    450       0  0  0  0  0  0  0
# 2:  10:30    420       5  2  5  5  5  5  5
# 3:  9:0    525       3  3  5  3  3  0  0
# 4:  13:0    450       2  2  2  2  2  5  5
# 5:  22:15    420       3  3  3  3  3  3  3
# 6:  22:15    435       5  5  5  5  5  0  3
# 7:  21:0    525       4  4  4  4  4  5  4
# 8:  22:0    495       4  4  4  4  4  3  3
