#MinuteInterval:
15

#DaysPerCycle:
7

#FlagCyclical: yes or no
yes

#Requirements:
6 6 6 6 6 6 6 6 6 6 6 6 6 6 6 6 6 6 6 6 6 4 4 4 1 1 1 1 1 0 0 3 3 3 3 3 3 3 3 7 7 7 7 7 7 7 7 7 7 7 7 7 7 7 12 15 15 15 18 19 19 16 16 16 16 16 16 16 16 16 12 12 12 12 12 12 12 12 12 12 12 12 12 8 5 5 2 4 4 3 4 5 5 5 5 4 4 4 4 4 4 4 4 4 4 4 4 4 4 4 4 4 4 4 4 4 4 2 2 2 1 1 1 1 1 0 0 3 3 3 3 3 3 3 3 7 7 12 12 12 12 12 12 12 12 12 12 12 12 12 17 22 22 22 25 27 27 24 24 24 24 24 24 24 24 24 15 15 15 15 15 15 15 15 15 15 15 15 15 11 6 6 3 5 5 4 5 6 6 6 6 4 4 4 4 4 4 4 4 4 4 4 4 4 4 4 4 4 4 4 4 4 4 2 2 2 1 1 1 1 1 0 0 3 3 3 3 3 3 3 3 7 7 12 12 12 12 12 12 12 12 12 12 12 12 12 17 22 22 22 25 27 27 24 24 24 24 24 24 24 24 24 15 15 15 15 15 15 15 15 15 15 15 15 15 11 6 6 3 5 5 4 5 6 6 6 6 4 4 4 4 4 4 4 4 4 4 4 4 4 4 4 4 4 4 4 4 4 4 2 2 2 1 1 1 1 1 0 0 3 3 3 3 3 3 3 3 7 7 12 12 12 12 12 12 12 12 12 12 12 12 12 15 20 20 20 23 25 25 22 22 22 22 22 22 22 22 22 13 13 13 13 13 13 13 13 13 13 13 13 13 11 6 6 3 5 5 4 5 6 6 6 6 4 4 4 4 4 4 4 4 4 4 4 4 4 4 4 4 4 4 4 4 4 4 2 2 2 1 1 1 1 1 0 0 3 3 3 3 3 3 3 3 7 7 12 12 12 12 12 12 12 12 12 12 12 12 12 17 22 22 22 25 27 27 24 24 24 24 24 24 24 24 24 15 15 15 15 15 15 15 15 15 15 15 15 15 11 6 6 3 5 5 4 5 6 6 6 6 4 4 4 4 4 4 4 4 4 4 4 4 4 4 4 4 4 4 4 4 4 4 2 2 2 1 1 1 1 1 0 0 4 4 4 4 4 4 4 4 5 5 7 7 7 7 7 7 7 7 7 7 7 7 7 14 15 15 15 15 17 17 13 13 13 13 13 13 13 13 13 10 10 10 10 10 10 10 10 10 10 10 10 10 6 5 5 5 7 7 4 7 8 8 8 8 6 6 6 6 6 6 6 6 6 6 6 6 6 6 6 6 6 6 6 6 6 6 4 4 4 1 1 1 6 6 5 5 9 9 9 9 9 9 9 9 10 10 12 12 12 12 12 12 12 12 12 12 12 12 12 19 20 20 20 20 22 17 13 13 13 13 13 13 13 13 13 10 10 10 10 10 10 10 10 10 10 10 10 10 6 5 5 5 7 7 4 7 8 8 8 8 6

#Number of shift templates
4

#Shift templates
#Abbr, Full name, Start, + Minutes,  -Minutes, Length, +Minutes, -Minutes, available days
F Frühschicht 6:0 120 60 480 60 60 *
T Tagschicht 10:0 60 60 480 60 60 *
S Spätschicht 14:0 60 60 480 60 60 *
N Nachtschicht 22:0 60 60 480 60 60 *

#Duties per week: Lower limit, Upper limit
3 5

# Average number of hours per week
 38.5

# Weights about the criteria
#UnderCover:
1

#Overcover:
1

#DutiesPerWeek:
0

#Shifts:
15

#Fitness of assumed optimal Solution:
# 180

#Optimal Solution:
#Shift Start Length Duties:
# 1:  7:45    450       3  3  3  3  3  4  4
# 2:  6:45    495       0  0  0  0  0  0  5
# 3:  10:15    435       0  5  5  5  5  2  2
# 4:  9:45    465       4  4  4  4  4  1  1
# 5:  14:45    540       1  2  2  2  2  2  2
# 6:  13:30    525       1  1  1  1  1  3  3
# 7:  13:30    435       4  4  4  2  4  4  4
# 8:  14:30    420       3  3  3  3  3  0  0
# 9:  13:45    435       3  5  5  5  5  1  1
# 10:  22:45    510       1  1  1  1  1  1  1
# 11:  22:30    450       1  1  1  1  1  3  3
# 12:  21:45    450       2  2  2  2  2  2  2
