#Derived from random example Random1-1.txt in set 1

MinuteInterval: 5

DaysPerCycle: 7

# cyclical ...
FlagCyclical: yes

No_shift_types: 4


#Break Constraints:
Break_Length: 00:10 01:00
# Break_Length_After_Long_Work_Period: <min_long_break_length> <work duration_requiring_long_break>
Break_Length_After_Long_Work_Period: 00:20 00:50
Break_distance_to_shift_start_and_end: 00:30 00:30
Working_Period_Length: 00:30 01:40
#Lunch Breaks: min shift length requiring lunch, lunch break length, earliest start, latest start
Lunch_Breaks: 06:00 00:30 3:30 05:30


Shift_types:
#Abbr, Full name, Start, + Minutes,  -Minutes, Length, +Minutes, -Minutes
F Earlyshift 06:00 02:00 01:00 08:00 01:00 01:00
T Dayshift 10:00 01:00 01:00 08:00 01:00 01:00
S Lateshift 14:00 01:00 01:00 08:00 01:00 01:00
N Nightshift 22:00 01:00 01:00 08:00 01:00 01:00


#F Earlyshift 06:00 120 60 480 60 60
#T Dayshift 10:00 60 60 480 60 60
#S Lateshift 14:00 60 60 480 60 60
#N Nightshift 22:00 60 60 480 60 60


#Constraint Weights
#CONSTRAINT                     WEIGHT
#------------------------------------------
#BREAK POSITIONS                H
#LUNCH BREAKS                   10 (no of slots of mispacement)
#LENGTH OF WORKING PERIODS      H
#MINIMUM BREAK TIMES            H
#BREAK LENGTHS                  1 (no of slots exceding/below the max/min length)
#NUMBER OF SHIFTS               60
#SHORTAGE                       10
#EXCESS                         2


#Staffing requirements can be expressed in compact way (not one slot at the time)
Staffing_Requirements:
00:00 00:05 0 1 1 2 1 1 0
00:05 00:10 0 0 1 2 1 1 0
00:10 00:15 0 0 1 2 1 1 0
00:15 00:20 0 0 1 2 1 1 0
00:20 00:25 0 1 1 2 1 1 0
00:25 00:30 0 1 0 1 0 0 0
00:30 00:35 0 1 0 0 0 0 0
00:35 00:40 0 1 0 0 0 0 0
00:40 00:45 0 1 1 1 1 1 0
00:45 00:50 0 1 1 2 1 1 0
00:50 00:55 0 1 1 2 1 1 0
00:55 01:00 0 1 1 2 1 1 0
01:00 01:05 0 1 1 2 1 1 0
01:05 01:10 0 1 1 2 1 1 0
01:10 01:15 0 1 1 2 1 1 0
01:15 01:20 0 1 1 2 1 1 0
01:20 01:25 0 1 1 2 1 1 0
01:25 01:30 0 1 1 2 1 1 0
01:30 01:35 0 1 1 2 1 1 0
01:35 01:40 0 1 1 2 0 0 0
01:40 01:45 0 1 1 1 0 0 0
01:45 01:50 0 0 1 1 0 0 0
01:50 01:55 0 0 1 0 0 0 0
01:55 02:00 0 0 1 0 0 0 0
02:00 02:05 0 0 1 0 0 0 0
02:05 02:10 0 0 1 0 0 0 0
02:10 02:15 0 0 0 0 1 1 0
02:15 02:20 0 0 0 1 1 1 0
02:20 02:25 0 1 0 1 1 1 0
02:25 02:30 0 1 0 2 1 1 0
02:30 02:35 0 1 0 2 1 1 0
02:35 02:40 0 1 0 2 1 1 0
02:40 02:45 0 1 0 1 1 1 0
02:45 02:50 0 1 1 1 0 1 0
02:50 02:55 0 1 1 1 0 1 0
02:55 03:00 0 1 1 1 0 0 0
03:00 03:05 0 1 1 1 1 0 0
03:05 03:10 0 0 1 1 1 0 0
03:10 03:15 0 0 1 2 1 1 0
03:15 03:20 0 0 1 2 1 1 0
03:20 03:25 0 1 1 2 1 1 0
03:25 03:30 0 1 1 2 0 1 0
03:30 03:35 0 1 0 2 0 1 0
03:35 03:40 0 1 0 1 0 1 0
03:40 03:45 0 1 0 0 1 1 0
03:45 03:50 0 1 1 0 1 1 0
03:50 03:55 0 1 1 1 1 0 0
03:55 04:00 0 1 1 2 1 0 0
04:00 04:05 0 0 1 2 1 0 0
04:05 04:10 0 0 1 2 1 1 0
04:10 04:15 0 0 1 2 0 1 0
04:15 04:20 0 1 1 2 0 1 0
04:20 04:25 0 1 0 2 0 1 0
04:25 04:30 0 1 0 2 1 1 0
04:30 04:35 0 1 0 1 1 1 0
04:35 04:40 0 1 1 1 1 1 0
04:40 04:45 0 1 1 0 1 1 0
04:45 04:50 0 1 1 1 1 1 0
04:50 04:55 0 0 1 1 1 0 0
04:55 05:00 0 0 1 2 1 0 0
05:00 05:05 0 0 1 2 1 0 0
05:05 05:10 0 1 1 2 1 1 0
05:10 05:15 0 1 1 2 1 1 0
05:15 05:20 0 1 0 2 1 1 0
05:20 05:25 0 1 0 2 1 1 0
05:25 05:30 0 1 0 2 1 1 0
05:30 05:35 0 1 1 2 1 1 0
05:35 05:40 0 1 1 2 1 1 0
05:40 05:45 0 1 1 2 1 1 0
05:45 05:50 0 1 1 2 1 1 0
05:50 05:55 0 1 1 2 1 1 0
05:55 06:00 0 1 1 2 1 1 0
06:00 06:05 0 0 0 0 0 0 0
06:05 06:10 0 0 0 0 0 0 0
06:10 06:15 0 0 0 0 0 0 0
06:15 06:20 0 0 0 0 0 0 0
06:20 06:25 0 0 0 0 0 0 0
06:25 06:30 0 0 0 0 0 0 0
06:30 06:35 0 0 0 0 0 0 0
06:35 06:40 0 0 0 0 0 0 0
06:40 06:45 0 0 0 0 0 0 0
06:45 06:50 0 0 0 0 0 0 0
06:50 06:55 0 0 0 0 0 0 0
06:55 07:00 0 0 0 0 0 0 0
07:00 07:05 3 5 5 5 5 4 4
07:05 07:10 3 5 5 5 5 4 4
07:10 07:15 3 5 5 5 5 4 4
07:15 07:20 3 5 5 5 5 4 4
07:20 07:25 3 5 5 5 5 4 4
07:25 07:30 3 5 5 5 5 4 4
07:30 07:35 2 4 5 4 4 4 4
07:35 07:40 1 3 4 3 2 3 4
07:40 07:45 1 2 1 3 2 2 3
07:45 07:50 2 1 1 3 3 1 3
07:50 07:55 2 2 1 2 3 1 0
07:55 08:00 2 3 4 2 3 2 1
08:00 08:05 10 13 12 11 11 6 4
08:05 08:10 11 13 13 13 13 7 7
08:10 08:15 11 13 13 13 13 7 7
08:15 08:20 11 13 13 13 12 7 7
08:20 08:25 10 11 13 13 10 7 7
08:25 08:30 10 11 12 10 10 5 7
08:30 08:35 8 9 10 8 9 5 6
08:35 08:40 5 10 6 7 9 3 4
08:40 08:45 5 6 5 8 8 2 2
08:45 08:50 3 6 3 8 7 2 2
08:50 08:55 7 5 7 6 7 4 3
08:55 09:00 7 9 9 8 7 7 5
09:00 09:05 11 10 13 10 9 7 6
09:05 09:10 11 11 13 13 10 7 7
09:10 09:15 11 11 12 11 10 7 7
09:15 09:20 8 12 10 9 11 6 5
09:20 09:25 7 11 8 8 9 5 4
09:25 09:30 5 9 6 8 10 2 2
09:30 09:35 7 7 6 7 7 3 4
09:35 09:40 7 7 8 7 8 3 4
09:40 09:45 7 7 8 7 8 5 5
09:45 09:50 7 8 10 10 10 5 5
09:50 09:55 8 10 10 11 12 6 6
09:55 10:00 10 12 13 13 12 7 7
10:00 10:05 12 14 14 14 13 8 7
10:05 10:10 12 13 12 14 13 8 7
10:10 10:15 11 12 11 11 11 8 7
10:15 10:20 9 12 10 11 12 6 8
10:20 10:25 8 10 11 11 11 5 8
10:25 10:30 7 8 12 11 12 5 6
10:30 10:35 9 7 11 9 9 7 4
10:35 10:40 8 10 9 8 10 7 4
10:40 10:45 10 10 8 10 9 5 6
10:45 10:50 9 11 10 10 12 5 7
10:50 10:55 10 11 11 10 10 6 6
10:55 11:00 10 11 10 9 11 6 6
11:00 11:05 16 17 16 15 16 11 12
11:05 11:10 16 16 15 15 15 10 13
11:10 11:15 16 15 16 16 14 10 11
11:15 11:20 15 17 17 17 15 11 11
11:20 11:25 15 17 17 18 15 11 10
11:25 11:30 15 18 18 17 16 11 11
11:30 11:35 12 16 15 16 13 12 10
11:35 11:40 11 14 15 13 8 11 9
11:40 11:45 8 11 14 11 6 9 7
11:45 11:50 8 11 14 11 8 6 8
11:50 11:55 5 8 10 12 9 8 7
11:55 12:00 6 10 11 13 11 10 9
12:00 12:05 6 7 11 12 10 10 10
12:05 12:10 10 10 15 12 13 8 11
12:10 12:15 11 11 12 14 14 7 9
12:15 12:20 15 13 10 13 15 7 7
12:20 12:25 16 14 10 12 14 10 8
12:25 12:30 16 13 12 11 14 8 10
12:30 12:35 11 12 13 10 11 8 10
12:35 12:40 9 14 9 13 11 9 8
12:40 12:45 10 16 10 10 10 11 8
12:45 12:50 15 19 14 14 14 13 9
12:50 12:55 15 18 18 14 14 11 11
12:55 13:00 14 13 18 16 15 12 11
13:00 13:05 11 12 17 15 13 13 14
13:05 13:10 13 10 15 16 15 14 14
13:10 13:15 14 15 15 17 17 14 15
13:15 13:20 16 15 14 18 15 13 14
13:20 13:25 15 15 13 15 12 11 14
13:25 13:30 15 16 13 14 12 10 13
13:30 13:35 12 16 13 13 13 12 14
13:35 13:40 11 17 15 14 15 15 12
13:40 13:45 11 14 17 16 13 15 13
13:45 13:50 15 14 19 17 15 16 11
13:50 13:55 14 15 18 18 16 13 12
13:55 14:00 13 18 18 18 17 14 13
14:00 14:05 9 13 12 12 12 10 11
14:05 14:10 11 12 12 13 12 11 11
14:10 14:15 14 13 10 12 11 10 11
14:15 14:20 14 13 10 11 10 10 11
14:20 14:25 13 14 9 10 10 10 11
14:25 14:30 13 14 12 11 12 12 10
14:30 14:35 11 13 12 14 12 10 9
14:35 14:40 11 10 12 14 13 11 10
14:40 14:45 11 9 11 13 13 8 9
14:45 14:50 11 10 10 11 12 9 9
14:50 14:55 10 10 9 11 11 5 8
14:55 15:00 8 8 8 9 10 5 7
15:00 15:05 4 4 4 4 6 5 5
15:05 15:10 7 6 5 2 4 7 7
15:10 15:15 7 6 6 2 2 6 6
15:15 15:20 6 5 7 4 2 8 8
15:20 15:25 5 4 6 6 4 8 5
15:25 15:30 6 6 8 8 8 9 7
15:30 15:35 7 10 9 9 8 7 8
15:35 15:40 9 10 10 10 6 9 10
15:40 15:45 9 9 7 10 8 9 9
15:45 15:50 11 9 8 9 6 12 10
15:50 15:55 9 8 8 7 8 12 11
15:55 16:00 7 7 10 5 8 11 12
16:00 16:05 7 7 8 6 10 9 12
16:05 16:10 9 9 7 6 10 8 12
16:10 16:15 10 11 7 9 9 8 11
16:15 16:20 8 8 9 9 7 10 9
16:20 16:25 8 8 10 11 6 11 10
16:25 16:30 9 8 10 10 6 11 10
16:30 16:35 11 11 10 10 7 11 12
16:35 16:40 10 8 10 9 8 11 10
16:40 16:45 9 8 9 8 9 10 10
16:45 16:50 8 8 9 7 10 10 10
16:50 16:55 9 11 8 6 9 9 11
16:55 17:00 9 10 10 8 9 8 9
17:00 17:05 5 4 4 5 5 4 4
17:05 17:10 4 4 4 7 6 6 4
17:10 17:15 5 4 4 7 5 7 5
17:15 17:20 4 6 6 5 2 7 7
17:20 17:25 4 6 6 5 2 5 7
17:25 17:30 4 6 6 4 3 6 6
17:30 17:35 6 6 6 5 4 7 8
17:35 17:40 7 3 6 4 4 8 7
17:40 17:45 7 4 5 3 4 7 9
17:45 17:50 6 4 4 4 6 7 9
17:50 17:55 5 6 2 5 6 8 8
17:55 18:00 4 5 3 7 5 8 6
18:00 18:05 4 5 4 7 5 8 6
18:05 18:10 5 6 7 7 4 8 8
18:10 18:15 5 7 7 7 5 9 9
18:15 18:20 6 7 7 6 5 8 7
18:20 18:25 6 6 7 6 6 9 6
18:25 18:30 6 6 7 6 5 8 7
18:30 18:35 6 6 7 7 5 9 9
18:35 18:40 6 7 6 6 5 9 10
18:40 18:45 7 6 5 6 6 9 10
18:45 18:50 7 6 5 6 5 9 10
18:50 18:55 7 6 6 7 5 8 9
18:55 19:00 7 7 7 7 4 8 8
19:00 19:05 2 2 2 2 2 3 1
19:05 19:10 2 2 2 2 2 3 2
19:10 19:15 2 2 2 2 3 4 3
19:15 19:20 2 2 2 2 3 4 5
19:20 19:25 2 2 2 2 3 5 5
19:25 19:30 2 2 2 2 3 5 5
19:30 19:35 2 2 2 2 3 5 5
19:35 19:40 2 2 2 2 3 3 4
19:40 19:45 2 2 2 2 3 3 4
19:45 19:50 2 2 2 2 3 3 4
19:50 19:55 2 2 2 2 3 4 3
19:55 20:00 2 2 2 2 3 4 3
20:00 20:05 0 0 0 0 0 2 1
20:05 20:10 0 0 0 0 0 3 3
20:10 20:15 0 0 0 0 0 3 3
20:15 20:20 0 0 0 0 0 3 3
20:20 20:25 0 0 0 0 0 2 3
20:25 20:30 0 0 0 0 0 1 3
20:30 20:35 0 0 0 0 0 1 2
20:35 20:40 0 0 0 0 0 1 1
20:40 20:45 0 0 0 0 0 2 1
20:45 20:50 0 0 0 0 0 2 1
20:50 20:55 0 0 0 0 0 3 2
20:55 21:00 0 0 0 0 0 3 2
21:00 21:05 0 0 0 0 0 3 3
21:05 21:10 0 0 0 0 0 3 3
21:10 21:15 0 0 0 0 0 3 3
21:15 21:20 0 0 0 0 0 3 3
21:20 21:25 0 0 0 0 0 3 3
21:25 21:30 0 0 0 0 0 3 3
21:30 21:35 0 0 0 0 0 3 3
21:35 21:40 0 0 0 0 0 3 3
21:40 21:45 0 0 0 0 0 3 3
21:45 21:50 0 0 0 0 0 3 3
21:50 21:55 0 0 0 0 0 3 3
21:55 22:00 0 0 0 0 0 3 3
22:00 22:05 1 1 2 1 1 0 0
22:05 22:10 1 1 2 1 1 0 0
22:10 22:15 1 1 2 1 1 0 0
22:15 22:20 1 1 2 1 1 0 0
22:20 22:25 1 1 2 1 1 0 0
22:25 22:30 1 1 2 1 1 0 0
22:30 22:35 1 1 2 1 1 0 0
22:35 22:40 1 1 1 1 1 0 0
22:40 22:45 1 1 1 1 1 0 0
22:45 22:50 0 0 1 1 1 0 0
22:50 22:55 0 0 1 0 0 0 0
22:55 23:00 0 0 1 0 0 0 0
23:00 23:05 1 1 1 0 0 0 0
23:05 23:10 1 1 2 1 1 0 0
23:10 23:15 1 1 2 1 1 0 0
23:15 23:20 1 1 2 1 1 0 0
23:20 23:25 1 1 2 1 1 0 0
23:25 23:30 0 0 1 1 1 0 0
23:30 23:35 0 0 1 1 1 0 0
23:35 23:40 0 0 1 1 1 0 0
23:40 23:45 1 1 1 0 1 0 0
23:45 23:50 1 1 1 0 0 0 0
23:50 23:55 1 1 1 0 0 0 0
23:55 00:00 1 1 2 1 0 0 0

