#MinuteInterval:
15

#DaysPerCycle:
7

#FlagCyclical: yes or no
yes

#Requirements:
2 2 2 2 2 2 2 2 2 2 2 2 2 2 2 2 2 2 2 2 7 5 6 6 6 6 6 6 6 6 9 9 9 9 9 9 9 9 9 9 9 9 13 13 13 13 13 13 13 13 13 13 13 8 8 8 7 7 7 7 7 7 7 7 4 4 4 4 4 4 4 4 4 4 4 0 0 0 0 0 0 0 0 0 0 3 3 3 3 5 5 5 5 5 5 5 5 5 5 5 5 5 5 5 5 5 5 5 5 5 5 5 5 5 5 5 10 5 6 6 6 6 6 6 6 6 9 9 9 9 9 9 9 9 9 9 9 9 9 9 9 9 9 9 9 9 9 9 9 4 4 4 3 3 3 3 3 3 3 3 0 0 0 0 0 0 0 0 0 0 0 0 0 0 0 0 0 0 0 0 0 3 3 3 3 7 7 7 7 7 7 7 7 7 7 7 7 7 7 7 7 7 7 7 7 7 7 7 7 7 7 7 12 5 6 6 6 6 6 6 6 6 9 9 9 9 9 9 9 9 9 9 9 9 13 13 13 13 13 13 13 13 13 13 13 8 8 8 7 7 7 7 7 7 7 7 4 4 4 4 4 4 4 4 4 4 4 0 0 0 0 0 0 0 0 0 0 3 3 3 3 5 5 5 5 5 5 5 5 5 5 5 5 5 5 5 5 5 5 5 5 5 5 5 5 5 5 5 10 5 6 6 6 6 6 6 6 6 9 9 9 9 9 9 9 9 9 9 9 9 13 13 13 13 13 13 13 13 13 13 13 8 8 8 7 7 7 7 7 7 7 7 4 4 4 4 4 4 4 4 4 4 4 0 0 0 0 0 0 0 0 0 0 3 3 3 3 5 5 5 5 5 5 5 5 5 5 5 5 5 5 5 5 5 5 5 5 5 5 5 5 5 5 5 9 4 5 5 5 5 5 5 5 5 8 8 8 8 8 8 8 8 8 8 8 8 12 12 12 12 12 12 12 12 12 12 12 8 8 8 7 7 7 7 7 7 7 7 4 4 4 4 4 4 4 4 4 4 4 0 0 0 0 0 0 0 0 0 0 3 3 3 3 5 5 5 5 5 5 5 5 5 5 5 5 5 5 5 5 5 5 5 5 5 5 5 5 5 5 5 10 5 10 10 10 10 10 10 10 10 14 14 14 14 14 14 14 14 14 14 14 14 18 18 18 18 18 18 18 18 18 18 18 13 13 13 8 8 8 8 8 8 8 8 4 4 4 4 4 4 4 4 4 4 4 0 0 0 0 0 0 0 0 0 0 0 0 0 0 2 2 2 2 2 2 2 2 2 2 2 2 2 2 2 2 2 2 2 2 2 2 2 2 2 2 2 7 5 10 10 10 10 10 10 10 10 14 14 14 14 14 14 14 14 14 14 14 14 18 18 18 18 18 18 18 18 18 18 18 13 13 13 8 8 8 8 8 8 8 8 4 4 4 4 4 4 4 4 4 4 4 0 0 0 0 0 0 0 0 0 0 0 0 0 0 2 2 2 2 2 2 2

#Number of shift templates
4

#Shift templates
#Abbr, Full name, Start, + Minutes,  -Minutes, Length, +Minutes, -Minutes, available days
F Frühschicht 6:0 120 60 480 60 60 *
T Tagschicht 10:0 60 60 480 60 60 *
S Spätschicht 14:0 60 60 480 60 60 *
N Nachtschicht 22:0 60 60 480 60 60 *

#Duties per week: Lower limit, Upper limit
3 5

# Average number of hours per week
 38.5

# Weights about the criteria
#UnderCover:
1

#Overcover:
1

#DutiesPerWeek:
1000

#Shifts:
15

#Fitness of assumed optimal Solution:
# 90

#Optimal Solution:
#Shift Start Length Duties:
# 1:  7:30    510       3  3  3  3  3  4  4
# 2:  5:30    510       1  1  1  1  1  5  5
# 3:  5:0    495       5  5  5  5  4  5  5
# 4:  10:30    495       4  0  4  4  4  4  4
# 5:  22:15    420       2  4  2  2  2  2  2
# 6:  21:15    480       3  3  3  3  3  0  0
