#Derived from random example Random1-9.txt in set 1

MinuteInterval: 5

DaysPerCycle: 7

# cyclical ...
FlagCyclical: yes

No_shift_types: 4


#Break Constraints:
Break_Length: 00:10 01:00
# Break_Length_After_Long_Work_Period: <min_long_break_length> <work duration_requiring_long_break>
Break_Length_After_Long_Work_Period: 00:20 00:50
Break_distance_to_shift_start_and_end: 00:30 00:30
Working_Period_Length: 00:30 01:40
#Lunch Breaks: min shift length requiring lunch, lunch break length, earliest start, latest start
Lunch_Breaks: 06:00 00:30 3:30 05:30


Shift_types:
#Abbr, Full name, Start, + Minutes,  -Minutes, Length, +Minutes, -Minutes
F Earlyshift 06:00 02:00 01:00 08:00 01:00 01:00
T Dayshift 10:00 01:00 01:00 08:00 01:00 01:00
S Lateshift 14:00 01:00 01:00 08:00 01:00 01:00
N Nightshift 22:00 01:00 01:00 08:00 01:00 01:00


#F Earlyshift 06:00 120 60 480 60 60
#T Dayshift 10:00 60 60 480 60 60
#S Lateshift 14:00 60 60 480 60 60
#N Nightshift 22:00 60 60 480 60 60


#Constraint Weights
#CONSTRAINT                     WEIGHT
#------------------------------------------
#BREAK POSITIONS                H
#LUNCH BREAKS                   10 (no of slots of mispacement)
#LENGTH OF WORKING PERIODS      H
#MINIMUM BREAK TIMES            H
#BREAK LENGTHS                  1 (no of slots exceding/below the max/min length)
#NUMBER OF SHIFTS               60
#SHORTAGE                       10
#EXCESS                         2


#Staffing requirements can be expressed in compact way (not one slot at the time)
Staffing_Requirements:
00:00 00:05 4 10 6 7 5 4 3
00:05 00:10 5 9 6 8 6 6 4
00:10 00:15 5 7 7 8 5 6 4
00:15 00:20 5 7 7 8 3 6 5
00:20 00:25 2 8 7 8 3 5 5
00:25 00:30 2 9 5 4 4 4 4
00:30 00:35 1 9 5 2 5 4 4
00:35 00:40 3 8 6 1 5 5 3
00:40 00:45 3 9 7 4 4 5 3
00:45 00:50 4 9 7 5 5 3 2
00:50 00:55 4 9 6 6 5 2 3
00:55 01:00 4 8 7 7 5 3 3
01:00 01:05 4 7 7 7 5 4 4
01:05 01:10 3 7 6 8 5 5 4
01:10 01:15 4 5 6 8 5 4 4
01:15 01:20 4 5 6 8 4 4 5
01:20 01:25 5 3 6 7 3 5 5
01:25 01:30 4 4 6 7 3 5 5
01:30 01:35 4 5 5 6 5 5 4
01:35 01:40 4 6 6 3 6 5 3
01:40 01:45 4 6 6 2 6 6 3
01:45 01:50 3 7 6 3 6 6 3
01:50 01:55 3 7 4 4 5 4 3
01:55 02:00 4 8 3 4 4 4 2
02:00 02:05 4 8 4 4 4 4 3
02:05 02:10 3 6 6 4 2 5 3
02:10 02:20 3 5 6 6 2 5 3
02:20 02:25 4 7 6 6 3 5 3
02:25 02:30 4 9 6 6 4 4 4
02:30 02:35 2 7 6 8 4 4 4
02:35 02:40 2 8 6 8 4 1 3
02:40 02:45 3 7 5 6 4 1 2
02:45 02:50 4 8 5 5 4 1 2
02:50 02:55 4 7 3 5 3 2 2
02:55 03:00 4 7 3 4 2 2 3
03:00 03:05 4 5 4 4 1 4 2
03:05 03:10 4 6 6 3 3 3 2
03:10 03:15 3 6 5 4 3 5 3
03:15 03:20 3 8 5 4 5 4 4
03:20 03:25 3 9 6 6 5 5 4
03:25 03:30 3 9 7 7 6 5 4
03:30 03:35 2 8 8 8 6 5 4
03:35 03:40 3 7 8 8 6 5 5
03:40 03:45 3 6 4 6 5 4 5
03:45 03:50 5 6 4 6 3 3 5
03:50 03:55 4 5 3 6 3 2 3
03:55 04:00 4 5 7 6 3 3 3
04:00 04:05 4 6 7 5 3 5 1
04:05 04:10 4 8 7 3 3 6 3
04:10 04:15 2 8 5 4 4 5 2
04:15 04:20 2 8 5 5 6 5 4
04:20 04:25 2 8 5 7 6 5 4
04:25 04:30 4 9 6 8 6 5 5
04:30 04:35 4 10 6 7 6 5 5
04:35 04:40 5 7 7 7 6 4 5
04:40 04:45 5 6 7 7 4 4 5
04:45 04:50 5 5 7 8 4 3 4
04:50 04:55 4 8 7 8 4 4 3
04:55 05:00 4 9 8 7 5 5 3
05:00 05:05 6 12 11 9 8 9 7
05:05 05:10 7 11 11 9 8 9 8
05:10 05:15 7 11 10 10 9 9 8
05:15 05:20 8 12 10 11 9 9 8
05:20 05:25 8 13 10 11 9 9 8
05:25 05:30 8 13 11 11 9 9 8
05:30 05:35 8 11 8 9 10 11 12
05:35 05:40 6 11 7 9 10 11 12
05:40 05:45 6 10 7 8 9 11 11
05:45 05:50 3 7 3 4 8 9 9
05:50 05:55 5 7 4 4 7 8 9
05:55 06:00 5 8 4 5 8 8 10
06:00 06:05 5 5 5 5 6 8 10
06:05 06:10 5 5 5 5 6 6 9
06:10 06:15 5 5 5 5 6 6 5
06:15 06:20 5 4 5 5 7 5 4
06:20 06:25 5 4 5 5 7 7 5
06:25 06:30 3 3 4 4 7 6 9
06:30 06:35 1 2 1 2 3 5 7
06:35 06:40 1 2 0 2 4 5 6
06:40 06:45 2 2 1 1 3 6 6
06:45 06:50 2 2 2 1 5 5 7
06:50 06:55 2 2 3 1 5 6 7
06:55 07:00 3 3 3 3 6 5 6
07:00 07:05 9 9 9 9 10 11 13
07:05 07:10 9 9 8 8 10 11 11
07:10 07:15 9 8 8 8 9 9 12
07:15 07:20 9 7 8 8 11 10 13
07:20 07:25 8 7 8 8 11 10 16
07:25 07:30 6 7 8 8 11 13 15
07:30 07:35 8 9 9 6 9 15 16
07:35 07:40 7 8 8 6 8 14 13
07:40 07:45 7 6 7 6 7 11 11
07:45 07:50 8 8 8 11 12 10 12
07:50 07:55 9 9 9 11 11 10 12
07:55 08:00 11 12 10 11 12 12 15
08:00 08:05 11 11 9 10 11 10 14
08:05 08:10 11 11 10 11 12 11 17
08:10 08:15 11 10 10 11 12 12 16
08:15 08:20 10 9 10 8 12 15 18
08:20 08:25 9 8 8 6 11 15 15
08:25 08:30 8 7 7 6 12 13 16
08:30 08:35 5 9 9 9 12 13 12
08:35 08:40 7 9 11 10 14 9 12
08:40 08:45 6 8 9 9 13 10 9
08:45 08:50 9 8 8 9 12 10 13
08:50 08:55 7 7 7 9 11 9 15
08:55 09:00 6 7 9 10 11 9 16
09:00 09:05 7 6 10 10 10 10 14
09:05 09:10 10 6 6 8 9 12 14
09:10 09:15 9 8 6 5 8 15 12
09:15 09:20 9 11 7 5 9 13 13
09:20 09:25 8 9 8 7 10 12 11
09:25 09:30 9 10 9 9 10 10 9
09:30 09:35 11 8 7 10 10 10 8
09:35 09:40 11 9 9 10 11 10 10
09:40 09:45 10 9 10 10 8 8 11
09:45 09:50 10 11 13 11 9 10 13
09:50 09:55 8 10 13 12 9 8 13
09:55 10:00 9 11 9 11 14 10 14
10:00 10:05 9 9 9 11 14 10 15
10:05 10:10 12 11 9 9 15 13 16
10:10 10:15 12 11 13 11 15 15 16
10:15 10:20 12 13 12 11 15 16 17
10:20 10:25 12 13 12 13 13 15 18
10:25 10:30 13 13 11 13 13 15 17
10:30 10:35 10 10 10 11 12 11 16
10:35 10:40 9 10 9 10 13 10 14
10:40 10:45 9 7 9 9 12 10 14
10:45 10:50 8 8 9 10 10 14 12
10:50 10:55 7 8 9 8 9 13 10
10:55 11:00 6 8 9 7 8 10 9
11:00 11:05 4 5 8 5 7 7 10
11:05 11:10 9 7 9 4 8 6 12
11:10 11:15 10 6 7 5 8 8 13
11:15 11:20 10 9 5 6 8 9 10
11:20 11:25 11 9 5 7 9 8 11
11:25 11:30 9 7 7 9 11 11 12
11:30 11:35 8 7 9 9 12 12 12
11:35 11:40 10 9 9 8 13 13 13
11:40 11:45 8 10 9 9 12 13 12
11:45 11:50 9 10 9 11 9 12 14
11:50 11:55 8 9 11 10 9 12 16
11:55 12:00 9 9 11 8 9 13 12
12:00 12:05 10 9 11 8 10 12 13
12:05 12:10 10 10 11 10 11 11 12
12:10 12:15 10 10 9 11 13 10 16
12:15 12:20 7 10 7 7 12 9 12
12:20 12:25 8 10 7 7 13 10 11
12:25 12:30 6 8 8 9 13 10 11
12:30 12:35 7 7 8 9 13 9 13
12:35 12:40 7 7 7 7 11 10 15
12:40 12:45 9 7 8 6 9 10 13
12:45 12:50 8 6 7 7 7 9 12
12:50 12:55 7 5 6 5 7 9 11
12:55 13:00 6 6 6 6 7 9 11
13:00 13:05 8 8 5 4 9 11 11
13:05 13:10 5 8 6 6 11 11 12
13:10 13:15 6 8 5 7 12 12 14
13:15 13:20 6 7 6 9 12 11 15
13:20 13:25 8 7 8 10 11 11 15
13:25 13:30 8 7 8 8 8 9 15
13:30 13:35 6 6 9 7 6 7 9
13:35 13:40 6 5 9 6 6 5 7
13:40 13:45 7 6 10 7 7 6 7
13:45 13:50 9 7 10 6 7 6 8
13:50 13:55 8 10 6 7 8 7 9
13:55 14:00 7 10 6 8 10 7 10
14:00 14:05 7 10 5 10 9 7 10
14:05 14:10 8 9 9 10 9 8 10
14:10 14:15 9 9 8 10 9 9 10
14:15 14:20 9 8 9 10 10 9 10
14:20 14:25 10 9 9 10 10 9 11
14:25 14:30 10 9 10 10 10 9 11
14:30 14:40 9 9 9 9 9 8 8
14:40 14:45 9 9 8 8 9 8 8
14:45 14:55 5 6 5 5 6 5 5
14:55 15:00 5 6 6 6 5 5 5
15:00 15:10 6 5 6 6 5 5 5
15:10 15:15 6 5 6 6 6 5 5
15:15 15:20 1 1 1 1 1 0 0
15:20 15:25 1 1 0 1 1 0 0
15:25 15:35 0 1 0 1 1 0 0
15:35 15:40 0 1 1 0 1 0 0
15:40 15:50 1 1 1 0 0 0 0
15:50 15:55 1 1 1 1 0 0 0
15:55 16:10 1 0 1 1 1 0 0
16:10 16:15 1 1 1 1 1 0 0
16:15 16:20 0 1 0 1 1 0 0
16:20 16:25 0 1 0 0 1 0 0
16:25 16:30 0 1 0 0 0 0 0
16:30 16:35 1 1 1 0 0 0 0
16:35 16:40 1 0 1 1 0 0 0
16:40 16:50 1 0 1 1 1 0 0
16:50 18:00 1 1 1 1 1 0 0
18:00 21:00 0 0 0 0 0 0 0
21:00 21:30 5 1 1 1 1 1 1
21:30 21:35 4 1 1 1 1 1 1
21:35 21:40 3 1 0 1 0 1 1
21:40 21:45 1 1 0 1 0 0 1
21:45 21:50 2 3 1 1 1 0 1
21:50 21:55 3 3 2 1 2 0 0
21:55 22:00 5 3 2 1 2 1 0
22:00 22:05 8 6 6 4 4 3 2
22:05 22:10 8 6 6 4 4 3 3
22:10 22:15 7 6 6 4 4 3 3
22:15 22:30 7 4 5 4 4 3 3
22:30 22:35 4 6 5 3 2 1 2
22:35 22:40 2 5 3 2 2 0 1
22:40 22:45 2 5 3 2 2 0 0
22:45 22:50 5 4 3 2 4 2 1
22:50 22:55 7 3 4 2 2 3 2
22:55 23:00 8 2 4 2 2 3 3
23:00 23:05 10 5 6 5 4 5 5
23:05 23:10 10 7 7 6 6 5 5
23:10 23:15 7 8 7 6 6 4 5
23:15 23:20 6 6 8 5 5 3 5
23:20 23:25 5 6 8 5 4 3 4
23:25 23:30 6 5 8 5 4 4 4
23:30 23:35 6 6 5 4 5 5 2
23:35 23:40 5 5 4 3 6 4 2
23:40 23:45 7 4 4 3 5 4 2
23:45 23:50 8 5 5 4 4 3 4
23:50 23:55 10 5 5 4 2 3 4
23:55 00:00 10 6 5 4 3 3 4
