#MinuteInterval:
15

#DaysPerCycle:
7

#FlagCyclical: yes or no
yes

#Requirements:
7 7 7 7 7 7 7 7 7 7 7 7 7 7 7 7 7 7 7 7 12 12 6 10 10 10 10 10 10 10 10 10 14 14 14 14 14 14 14 14 14 14 16 16 21 21 21 21 21 21 21 21 26 21 21 21 16 16 17 17 17 17 17 17 17 13 13 13 13 13 11 11 11 11 11 11 11 11 11 11 6 6 6 6 8 9 10 5 5 5 5 5 4 4 4 4 4 4 4 4 4 4 4 4 4 4 4 4 4 4 4 4 4 4 4 4 9 9 6 10 10 10 10 10 10 10 10 10 13 13 13 13 13 13 13 13 13 13 15 15 20 20 20 20 20 20 20 20 25 20 20 20 15 15 16 16 16 16 16 16 16 13 13 13 13 13 11 11 11 11 11 11 11 11 11 11 6 6 6 6 8 9 10 5 5 5 5 5 4 4 4 4 4 4 4 4 4 4 4 4 4 4 4 4 4 4 4 4 4 4 4 4 7 7 4 8 8 8 8 8 8 8 8 8 12 12 12 12 12 12 12 12 12 12 14 14 19 19 19 19 19 19 19 19 24 19 19 19 16 16 17 17 17 17 17 17 17 13 13 13 13 13 11 11 11 11 11 11 11 11 11 11 6 6 6 6 8 9 10 5 5 5 5 5 4 4 4 4 4 4 4 4 4 4 4 4 4 4 4 4 4 4 4 4 4 4 4 4 9 9 6 10 10 10 10 10 10 10 10 10 14 14 14 14 14 14 14 14 14 14 16 16 21 21 21 21 21 21 21 21 26 21 21 21 16 16 20 20 20 20 20 20 20 16 16 16 16 16 14 14 14 14 14 14 14 14 14 14 9 9 9 9 11 12 13 8 8 8 8 8 4 4 4 4 4 4 4 4 4 4 4 4 4 4 4 4 4 4 4 4 4 4 4 4 9 9 6 10 10 10 10 10 10 10 10 10 14 14 14 14 14 14 14 14 14 14 16 16 21 21 21 21 21 21 21 21 26 21 21 21 16 16 17 17 17 17 17 17 17 13 13 13 13 13 11 11 11 11 11 11 11 11 11 11 6 6 6 6 8 9 10 5 5 5 5 5 4 4 4 4 4 4 4 4 4 4 4 4 4 4 4 4 4 4 4 4 4 4 4 4 9 9 8 11 11 11 11 11 11 11 11 11 13 13 13 13 13 13 13 13 13 13 14 14 18 18 18 18 18 18 16 16 21 17 17 17 12 12 17 17 22 22 22 22 22 20 20 20 20 20 19 19 19 19 19 19 19 19 19 19 15 15 15 15 20 21 22 17 17 17 17 17 7 7 7 7 7 7 7 7 7 7 7 7 7 7 7 7 7 7 7 7 7 7 7 7 12 12 8 11 11 11 11 11 11 11 11 11 13 13 13 13 13 13 13 13 13 13 14 14 19 19 19 19 19 19 17 17 25 21 21 21 16 16 21 21 21 21 21 21 21 19 19 19 19 19 18 18 18 18 18 18 18 18 18 18 13 13 13 13 18 19 17 12 12 12 12 12 7 7 7 7

#Number of shift templates
4

#Shift templates
#Abbr, Full name, Start, + Minutes,  -Minutes, Length, +Minutes, -Minutes, available days
F Frühschicht 6:0 120 60 480 60 60 *
T Tagschicht 10:0 60 60 480 60 60 *
S Spätschicht 14:0 60 60 480 60 60 *
N Nachtschicht 22:0 60 60 480 60 60 *

#Duties per week: Lower limit, Upper limit
3 5

# Average number of hours per week
 38.5

# Weights about the criteria
#UnderCover:
1

#Overcover:
1

#DutiesPerWeek:
1000

#Shifts:
15

#Fitness of assumed optimal Solution:
# 195

#Optimal Solution:
#Shift Start Length Duties:
# 1:  5:0    540       5  5  3  5  5  5  5
# 2:  8:0    495       4  3  4  4  4  2  2
# 3:  5:30    420       0  0  0  0  0  2  2
# 4:  5:45    450       5  5  5  5  5  4  4
# 5:  11:0    540       5  5  5  5  5  4  5
# 6:  10:30    420       2  2  2  2  2  1  1
# 7:  14:30    510       1  1  1  4  1  5  5
# 8:  13:0    510       0  0  0  0  0  0  3
# 9:  13:0    525       5  5  5  5  5  5  5
# 10:  15:0    480       0  0  0  0  0  5  0
# 11:  21:0    510       2  2  2  2  2  5  5
# 12:  21:30    480       1  1  1  1  1  1  1
# 13:  21:15    510       1  1  1  1  1  1  1
