#MinuteInterval:
30

#DaysPerCycle:
7

#FlagCyclical: yes or no
yes

#Requirements:
9 9 9 9 9 9 9 9 8 7 7 10 5 5 5 7 7 7 7 7 7 11 12 12 12 12 14 10 10 15 15 15 15 13 13 13 10 8 8 8 8 6 6 8 8 18 16 12 12 12 12 12 12 12 12 12 12 10 10 10 5 5 5 7 7 7 7 7 7 11 12 12 12 12 14 10 10 16 16 16 16 14 14 14 11 9 9 9 9 7 7 9 9 16 14 9 9 9 9 9 9 9 9 9 9 7 7 7 6 4 4 6 6 6 6 6 6 10 11 11 11 11 13 9 9 15 15 15 15 13 13 13 10 8 8 8 8 6 6 8 8 16 14 10 10 10 10 10 10 10 10 10 10 8 8 10 5 5 5 7 7 7 7 7 7 8 9 9 9 9 11 7 7 13 13 13 13 11 11 11 11 9 9 9 9 7 11 13 13 23 20 16 16 16 16 16 16 16 16 16 12 10 10 10 5 5 5 7 7 7 7 7 7 11 12 12 12 12 14 10 10 15 15 15 15 13 13 13 10 8 8 8 8 6 6 8 8 18 16 12 12 12 12 12 12 12 12 12 12 10 10 10 5 5 5 7 7 7 11 11 11 17 18 18 18 18 21 17 17 22 22 22 22 20 20 16 13 9 9 9 9 6 7 8 8 18 16 12 12 12 12 12 12 12 12 12 11 10 10 10 5 5 5 7 7 7 11 11 11 17 18 18 18 18 21 17 17 22 22 22 22 20 20 16 13 9 9 9 9 6 7 8 8 15 13 9

#Number of shift templates
4

#Shift templates
#Abbr, Full name, Start, + Minutes,  -Minutes, Length, +Minutes, -Minutes, available days
F Frühschicht 6:0 120 60 480 60 60 *
T Tagschicht 10:0 60 60 480 60 60 *
S Spätschicht 14:0 60 60 480 60 60 *
N Nachtschicht 22:0 60 60 480 60 60 *

#Duties per week: Lower limit, Upper limit
3 5

# Average number of hours per week
 38.5

# Weights about the criteria
#UnderCover:
1

#Overcover:
1

#DutiesPerWeek:
1000

#Shifts:
30

#Fitness of assumed optimal Solution:
# 450

#Optimal Solution:
#Shift Start Length Duties:
# 1:  5:30    480       4  4  4  4  4  4  4
# 2:  7:30    540       2  2  2  2  2  2  2
# 3:  6:30    480       1  1  0  1  1  1  1
# 4:  11:0    450       1  1  1  1  1  1  1
# 5:  9:0    510       0  0  0  0  0  4  4
# 6:  10:30    480       1  1  1  1  1  3  3
# 7:  10:30    450       3  3  3  0  3  3  3
# 8:  14:30    540       4  5  4  4  4  4  4
# 9:  13:0    450       2  2  2  2  2  3  3
# 10:  14:30    510       2  2  2  3  2  2  2
# 11:  21:0    420       0  0  0  4  0  1  1
# 12:  22:30    420       4  4  2  4  4  4  1
# 13:  21:30    420       2  2  2  2  2  1  1
# 14:  22:30    450       5  1  5  5  5  5  5
# 15:  22:30    480       1  2  1  1  1  1  1
