#MinuteInterval:
15

#DaysPerCycle:
7

#FlagCyclical: yes or no
yes

#Requirements:
10 10 10 10 10 10 10 10 10 10 10 10 10 10 10 10 10 10 10 10 10 10 10 7 7 3 0 0 0 0 0 1 1 1 1 1 1 1 1 1 6 8 8 8 8 8 8 8 8 8 8 8 8 12 12 17 19 19 19 19 21 21 21 21 21 21 20 20 20 20 15 15 15 15 15 15 13 13 13 13 13 13 9 9 7 7 14 14 14 12 12 12 10 10 10 10 10 10 10 10 10 10 10 10 10 10 10 10 10 10 10 10 10 10 10 10 10 10 14 14 14 10 7 7 7 7 7 8 8 8 8 8 8 8 8 8 13 15 15 15 15 15 15 15 15 15 11 8 8 12 12 14 16 16 16 16 18 18 18 18 18 18 17 17 17 17 12 12 12 12 12 12 10 10 10 10 10 10 6 6 7 7 16 16 16 14 14 14 12 12 12 12 12 12 12 12 12 12 12 12 12 12 12 12 12 12 12 12 12 12 12 12 12 12 16 13 13 9 4 4 4 4 4 5 5 5 5 5 5 5 5 5 10 12 12 12 12 12 12 12 12 12 8 8 8 12 12 14 16 16 16 16 18 18 18 18 18 18 17 17 17 17 12 12 12 12 12 12 10 10 10 10 10 10 6 6 7 7 14 14 14 12 12 12 10 10 10 10 10 10 10 10 10 10 10 10 10 10 10 10 10 10 10 10 10 10 10 10 10 10 14 11 11 7 4 4 4 4 4 5 5 5 5 5 5 5 5 5 10 12 12 12 12 12 12 12 12 12 8 8 8 12 12 14 16 16 16 16 18 18 18 18 18 18 17 17 17 17 12 12 12 12 12 12 10 10 10 10 10 10 6 6 5 5 12 12 12 10 10 10 8 8 8 8 8 8 8 8 8 8 8 8 8 8 8 8 8 8 8 8 8 8 8 8 8 8 12 11 11 7 4 4 4 4 4 5 5 5 5 5 5 5 5 5 10 16 16 16 16 16 16 16 16 16 12 12 12 16 16 19 21 21 21 21 23 23 23 23 23 23 22 22 22 22 17 17 17 13 13 13 11 11 11 11 11 11 7 7 5 5 12 12 12 10 10 10 8 8 8 8 8 8 8 8 8 8 8 8 8 8 8 8 8 8 8 8 8 8 8 8 8 8 9 8 8 5 2 2 2 2 2 3 3 3 3 3 3 3 3 3 8 10 10 10 10 10 10 10 10 10 9 9 9 11 10 13 13 13 13 13 15 15 15 15 15 15 14 14 14 14 9 9 9 9 9 9 7 7 7 7 7 7 5 5 5 5 12 12 12 10 10 10 10 10 10 10 10 10 10 10 10 10 10 10 10 10 10 10 10 10 10 10 10 10 10 10 10 10 11 8 8 5 2 2 2 2 2 3 3 3 3 3 3 3 3 3 8 13 13 13 13 13 13 13 13 13 12 12 12 14 13 16 17 17 17 17 19 19 19 19 19 19 18 18 18 18 13 13 13 13 13 13 8 8 8 8 8 8 6 6 6 6 13 13 13 11 11 11 10 10 10 10

#Number of shift templates
4

#Shift templates
#Abbr, Full name, Start, + Minutes,  -Minutes, Length, +Minutes, -Minutes, available days
F Frühschicht 6:0 120 60 480 60 60 *
T Tagschicht 10:0 60 60 480 60 60 *
S Spätschicht 14:0 60 60 480 60 60 *
N Nachtschicht 22:0 60 60 480 60 60 *

#Duties per week: Lower limit, Upper limit
3 5

# Average number of hours per week
 38.5

# Weights about the criteria
#UnderCover:
1

#Overcover:
1

#DutiesPerWeek:
1000

#Shifts:
15

#Fitness of assumed optimal Solution:
# 210

#Optimal Solution:
#Shift Start Length Duties:
# 1:  7:45    525       1  1  1  1  1  1  1
# 2:  5:45    420       0  3  0  0  0  0  0
# 3:  6:15    435       0  0  0  0  0  1  1
# 4:  5:30    420       0  4  4  4  4  1  1
# 5:  10:0    450       5  5  5  5  5  5  5
# 6:  10:15    480       0  0  0  0  4  0  0
# 7:  10:15    525       2  2  2  2  2  2  5
# 8:  13:15    435       4  4  4  4  4  2  2
# 9:  15:0    435       2  2  2  2  2  2  2
# 10:  14:0    540       2  2  2  2  2  0  1
# 11:  13:45    435       5  2  2  2  3  3  3
# 12:  21:0    540       0  0  0  0  0  0  0
# 13:  21:0    525       3  3  3  1  1  3  3
# 14:  21:30    540       3  5  3  3  3  3  3
# 15:  21:30    525       4  4  4  4  4  4  4
