#MinuteInterval:
15

#DaysPerCycle:
7

#FlagCyclical: yes or no
yes

#Requirements:
11 11 11 11 11 11 11 11 11 11 11 11 11 11 11 11 8 8 8 3 3 3 3 3 3 3 3 0 0 0 0 0 0 0 0 0 0 1 3 3 3 3 5 9 11 11 11 11 11 11 11 11 11 11 11 11 11 11 11 11 11 11 11 11 11 10 10 10 10 10 10 10 8 8 4 4 2 2 0 0 0 0 0 0 3 3 3 7 7 7 7 7 7 7 7 7 7 7 7 7 7 7 7 7 7 7 7 7 7 7 7 7 4 4 4 3 3 0 0 0 0 0 0 0 0 0 0 0 0 0 0 0 0 1 6 6 6 6 8 12 14 14 14 14 14 14 14 14 14 14 14 14 14 14 14 14 14 14 14 14 14 13 13 13 13 13 13 13 8 8 4 4 2 2 0 0 0 0 0 0 3 3 3 7 7 7 7 7 7 7 7 7 7 7 7 7 7 7 7 7 7 7 7 7 7 7 7 7 4 4 4 3 3 0 0 0 0 0 0 0 0 0 0 0 0 0 0 0 0 1 3 3 3 3 5 9 11 11 11 11 11 11 11 11 11 11 11 11 11 11 11 11 11 11 11 11 11 10 10 10 10 10 10 10 8 8 4 4 2 2 0 0 0 0 0 0 3 3 3 6 6 6 6 6 6 6 6 6 6 6 6 6 6 6 6 6 6 6 6 6 6 6 6 6 3 3 3 3 3 0 0 0 0 0 0 0 0 0 0 0 0 0 0 0 0 1 3 3 3 3 5 9 10 10 10 10 10 10 10 10 10 10 10 10 10 10 10 10 10 10 10 10 10 9 9 9 9 9 9 9 7 7 3 3 1 1 0 0 0 0 0 0 3 3 3 7 7 7 7 7 7 7 7 7 7 7 7 7 7 7 7 7 7 7 7 7 7 7 7 7 4 4 4 3 3 0 0 0 0 0 0 0 0 0 0 0 0 0 0 0 0 1 5 5 5 5 7 11 13 13 13 13 13 13 13 13 13 13 13 13 17 17 17 17 17 17 17 17 17 16 16 16 16 16 16 16 12 12 8 8 6 6 4 4 4 4 4 4 7 7 7 7 7 7 7 7 7 7 7 7 7 7 7 7 7 7 7 7 7 7 7 7 7 7 7 7 4 4 4 3 3 0 0 0 0 0 0 0 0 3 3 3 3 3 3 3 3 3 4 4 4 4 6 10 12 12 12 12 12 12 12 12 12 12 12 12 12 12 12 12 12 12 9 9 9 9 9 9 9 9 9 9 8 8 4 4 2 2 0 0 0 0 0 0 0 0 0 5 5 5 5 8 8 8 8 8 8 8 8 8 8 8 8 8 8 8 8 8 8 8 8 8 8 8 8 3 3 3 3 3 3 3 3 0 0 3 3 3 3 3 3 3 3 3 4 4 4 4 8 12 14 14 14 14 14 14 14 14 14 14 14 14 14 14 14 14 14 14 11 11 11 11 11 11 11 11 11 11 10 10 6 6 2 2 0 0 0 0 0 0 3 3 3 8 8 8 8 11 11 11 11 11

#Number of shift templates
4

#Shift templates
#Abbr, Full name, Start, + Minutes,  -Minutes, Length, +Minutes, -Minutes, available days
F Frühschicht 6:0 120 60 480 60 60 *
T Tagschicht 10:0 60 60 480 60 60 *
S Spätschicht 14:0 60 60 480 60 60 *
N Nachtschicht 22:0 60 60 480 60 60 *

#Duties per week: Lower limit, Upper limit
3 5

# Average number of hours per week
 38.5

# Weights about the criteria
#UnderCover:
1

#Overcover:
1

#DutiesPerWeek:
1000

#Shifts:
15

#Fitness of assumed optimal Solution:
# 165

#Optimal Solution:
#Shift Start Length Duties:
# 1:  7:15    495       0  0  0  0  0  3  3
# 2:  9:15    420       1  1  1  1  1  0  0
# 3:  10:45    465       4  4  4  4  4  4  4
# 4:  9:30    510       2  5  2  2  4  1  1
# 5:  11:0    510       2  2  2  1  2  2  2
# 6:  10:30    510       2  2  2  2  2  2  4
# 7:  14:0    465       0  0  0  0  4  0  0
# 8:  22:45    480       0  0  0  0  0  3  3
# 9:  21:0    420       3  3  3  3  3  0  3
# 10:  21:45    450       3  3  3  3  3  0  0
# 11:  21:45    420       1  1  0  1  1  5  5
