#Derived from random example Random1-6.txt in set 1

MinuteInterval: 5

DaysPerCycle: 7

# cyclical ...
FlagCyclical: yes

No_shift_types: 4


#Break Constraints:
Break_Length: 00:10 01:00
# Break_Length_After_Long_Work_Period: <min_long_break_length> <work duration_requiring_long_break>
Break_Length_After_Long_Work_Period: 00:20 00:50
Break_distance_to_shift_start_and_end: 00:30 00:30
Working_Period_Length: 00:30 01:40
#Lunch Breaks: min shift length requiring lunch, lunch break length, earliest start, latest start
Lunch_Breaks: 06:00 00:30 3:30 05:30


Shift_types:
#Abbr, Full name, Start, + Minutes,  -Minutes, Length, +Minutes, -Minutes
F Earlyshift 06:00 02:00 01:00 08:00 01:00 01:00
T Dayshift 10:00 01:00 01:00 08:00 01:00 01:00
S Lateshift 14:00 01:00 01:00 08:00 01:00 01:00
N Nightshift 22:00 01:00 01:00 08:00 01:00 01:00


#F Earlyshift 06:00 120 60 480 60 60
#T Dayshift 10:00 60 60 480 60 60
#S Lateshift 14:00 60 60 480 60 60
#N Nightshift 22:00 60 60 480 60 60


#Constraint Weights
#CONSTRAINT                     WEIGHT
#------------------------------------------
#BREAK POSITIONS                H
#LUNCH BREAKS                   10 (no of slots of mispacement)
#LENGTH OF WORKING PERIODS      H
#MINIMUM BREAK TIMES            H
#BREAK LENGTHS                  1 (no of slots exceding/below the max/min length)
#NUMBER OF SHIFTS               60
#SHORTAGE                       10
#EXCESS                         2


#Staffing requirements can be expressed in compact way (not one slot at the time)
Staffing_Requirements:
00:00 00:05 2 0 0 3 0 0 2
00:05 00:10 3 0 0 2 0 0 3
00:10 00:15 3 0 0 2 0 0 2
00:15 00:20 3 0 0 1 0 0 1
00:20 00:25 2 0 0 2 0 0 1
00:25 00:30 1 0 0 2 0 0 2
00:30 00:35 0 0 0 4 0 0 3
00:35 00:40 1 0 0 4 0 0 3
00:40 00:45 2 0 0 4 0 0 3
00:45 01:00 3 0 0 4 0 0 2
01:00 01:30 3 0 0 4 0 0 3
01:30 01:35 3 0 0 3 0 0 1
01:35 01:40 2 0 0 3 0 0 1
01:40 01:50 2 0 0 2 0 0 1
01:50 02:00 2 0 0 0 0 0 1
02:00 02:05 1 0 0 0 0 0 0
02:05 02:15 1 0 0 1 0 0 2
02:15 02:25 1 0 0 2 0 0 2
02:25 02:35 1 0 0 4 0 0 2
02:35 02:40 2 0 0 4 0 0 3
02:40 02:45 2 0 0 4 0 0 2
02:45 02:55 3 0 0 2 0 0 1
02:55 03:00 2 0 0 2 0 0 2
03:00 03:10 1 0 0 4 0 0 3
03:10 03:20 2 0 0 2 0 0 3
03:20 03:25 2 0 0 2 0 0 1
03:25 03:30 2 0 0 3 0 0 1
03:30 03:35 3 0 0 3 0 0 0
03:35 03:40 2 0 0 3 0 0 2
03:40 03:45 2 0 0 4 0 0 2
03:45 03:50 2 0 0 3 0 0 3
03:50 03:55 3 0 0 2 0 0 3
03:55 04:00 2 0 0 2 0 0 3
04:00 04:05 1 0 0 2 0 0 3
04:05 04:10 1 0 0 3 0 0 2
04:10 04:15 2 0 0 3 0 0 1
04:15 04:20 3 0 0 4 0 0 0
04:20 04:25 2 0 0 3 0 0 1
04:25 04:30 2 0 0 3 0 0 2
04:30 04:35 2 0 0 3 0 0 3
04:35 04:40 3 0 0 3 0 0 3
04:40 04:45 3 0 0 2 0 0 3
04:45 04:50 2 0 0 1 0 0 3
04:50 04:55 2 0 0 2 0 0 2
04:55 05:00 1 0 0 3 0 0 2
05:00 05:05 2 0 0 4 0 0 2
05:05 05:10 2 0 0 4 0 0 3
05:10 06:00 3 0 0 4 0 0 3
06:00 07:00 0 0 0 0 0 0 0
07:00 07:35 0 0 0 0 0 1 1
07:35 07:50 0 0 0 0 0 0 0
07:50 08:00 0 0 0 0 0 1 1
08:00 08:25 1 1 1 1 1 2 1
08:25 08:35 1 1 1 1 1 1 1
08:35 08:40 1 1 1 1 1 1 0
08:40 08:45 1 0 1 1 1 1 0
08:45 08:50 0 0 1 0 1 1 0
08:50 08:55 0 0 0 0 0 1 1
08:55 09:00 0 1 0 0 0 2 1
09:00 09:05 3 5 4 5 4 9 8
09:05 09:20 3 5 5 5 5 8 8
09:20 09:30 3 5 5 5 5 9 8
09:30 09:35 3 5 3 4 4 6 7
09:35 09:40 3 4 2 3 2 5 4
09:40 09:45 0 3 2 2 1 3 4
09:45 09:50 0 1 4 1 2 4 2
09:50 09:55 0 1 3 2 3 5 4
09:55 10:00 3 2 3 3 4 7 4
10:00 10:05 3 4 3 5 4 9 7
10:05 10:10 3 5 5 5 5 9 8
10:10 10:15 3 5 5 5 4 9 7
10:15 10:20 3 5 4 5 4 9 6
10:20 10:25 3 4 4 4 2 7 5
10:25 10:30 1 4 4 3 3 5 6
10:30 10:35 1 4 3 1 3 4 7
10:35 10:40 1 3 3 2 4 5 4
10:40 10:45 2 3 3 3 4 5 3
10:45 10:50 2 1 3 4 3 5 3
10:50 10:55 2 3 3 4 4 6 6
10:55 11:00 3 3 3 4 4 7 7
11:00 11:05 3 5 5 5 5 7 7
11:05 11:10 2 4 5 5 4 7 4
11:10 11:15 2 4 4 5 4 6 5
11:15 11:20 2 3 3 4 2 8 5
11:20 11:25 3 4 3 2 2 8 8
11:25 11:30 3 4 2 2 2 7 8
11:30 11:35 3 5 3 2 4 6 4
11:35 11:40 2 5 3 4 5 6 4
11:40 11:45 1 5 5 3 5 6 4
11:45 11:50 1 3 5 4 5 7 8
11:50 11:55 2 3 5 4 5 7 7
11:55 12:00 2 3 5 4 5 8 7
12:00 12:05 2 5 5 4 5 7 7
12:05 12:10 2 5 5 4 5 7 8
12:10 12:15 2 5 5 4 5 8 8
12:15 12:20 3 5 5 5 5 8 8
12:20 12:25 3 5 4 5 5 8 8
12:25 12:30 3 4 4 5 4 8 8
12:30 12:35 3 4 3 4 3 7 6
12:35 12:40 3 2 2 4 3 6 4
12:40 12:45 3 2 2 4 2 6 2
12:45 12:50 3 2 1 4 1 5 3
12:50 12:55 2 1 0 4 0 5 3
12:55 13:00 1 1 1 3 0 5 2
13:00 13:05 2 3 2 4 4 11 8
13:05 13:10 3 3 3 5 5 11 9
13:10 13:15 2 5 4 5 5 11 11
13:15 13:20 2 4 4 6 6 10 13
13:20 13:25 2 4 4 6 7 12 13
13:25 13:30 2 5 5 6 8 13 12
13:30 13:35 2 5 4 7 6 10 11
13:35 13:40 2 5 4 7 5 10 10
13:40 13:45 2 5 3 7 4 8 10
13:45 13:50 4 4 4 5 5 11 10
13:50 13:55 3 2 5 5 5 8 10
13:55 14:00 3 2 5 4 5 9 10
14:00 14:05 3 2 4 6 5 9 10
14:05 14:10 3 5 3 8 6 14 12
14:10 14:15 2 5 4 9 7 13 11
14:15 14:20 1 6 5 8 7 13 12
14:20 14:25 2 6 4 6 7 12 12
14:25 14:30 3 5 4 6 5 11 12
14:30 14:35 4 4 4 6 6 10 11
14:35 14:40 3 4 5 6 5 9 9
14:40 14:45 3 3 5 4 6 11 10
14:45 14:50 3 3 4 5 4 13 10
14:50 14:55 3 3 5 7 4 13 11
14:55 15:00 2 5 5 7 5 13 9
15:00 15:05 1 5 5 6 7 10 10
15:05 15:10 2 5 4 6 8 10 11
15:10 15:15 3 4 4 8 7 11 12
15:15 15:20 4 5 5 8 7 12 12
15:20 15:25 4 4 5 8 7 11 11
15:25 15:30 4 5 5 7 6 11 12
15:30 15:35 4 5 5 8 6 12 11
15:35 15:40 4 5 6 7 6 12 9
15:40 15:45 4 5 6 7 7 12 9
15:45 15:50 4 5 6 7 7 12 10
15:50 15:55 4 6 6 8 7 15 13
15:55 16:00 4 6 6 9 8 15 14
16:00 16:15 1 1 1 4 3 10 9
16:15 16:20 1 1 1 4 3 9 10
16:20 16:25 1 1 1 4 3 9 9
16:25 16:30 1 1 1 4 3 9 8
16:30 16:35 0 0 1 3 3 9 8
16:35 16:40 0 0 1 3 3 6 9
16:40 16:45 0 0 1 1 3 2 10
16:45 16:50 0 0 1 0 3 3 9
16:50 16:55 0 0 0 0 3 4 9
16:55 17:00 0 0 0 0 2 3 7
17:00 17:05 0 0 0 0 1 3 5
17:05 17:10 1 1 0 1 1 3 5
17:10 17:15 1 1 0 1 0 5 3
17:15 17:20 1 1 0 3 0 9 3
17:20 17:25 1 1 0 4 0 8 4
17:25 17:30 1 1 1 4 0 8 4
17:30 17:35 1 1 1 3 1 9 6
17:35 17:40 0 1 1 3 2 10 7
17:40 17:45 0 1 1 2 2 8 7
17:45 17:50 0 1 1 3 3 7 9
17:50 18:00 1 0 1 2 3 7 10
18:00 18:05 1 0 0 2 2 4 5
18:05 18:10 1 1 0 3 2 4 4
18:10 18:15 1 1 0 4 1 5 4
18:15 18:20 1 1 1 4 1 6 5
18:20 18:25 0 1 1 3 1 6 6
18:25 18:30 0 1 1 3 2 5 3
18:30 18:35 0 1 1 2 3 4 4
18:35 18:40 1 1 1 3 3 3 4
18:40 18:45 1 1 1 3 2 4 6
18:45 18:50 1 0 1 3 2 5 6
18:50 18:55 1 0 1 3 2 4 4
18:55 19:00 1 0 0 2 3 5 5
19:00 19:05 1 1 0 3 2 5 5
19:05 19:10 1 1 0 3 2 7 7
19:10 19:15 1 1 1 4 2 6 7
19:15 19:20 0 1 1 3 2 6 5
19:20 19:25 0 1 1 3 2 6 3
19:25 19:30 0 1 1 1 2 6 3
19:30 19:35 1 0 1 2 3 4 4
19:35 19:40 1 0 0 1 3 2 6
19:40 19:45 1 0 0 3 2 3 5
19:45 19:50 1 1 0 3 2 5 6
19:50 19:55 1 1 1 4 1 6 5
19:55 20:00 1 1 1 4 2 6 5
20:00 20:05 1 1 1 4 2 6 3
20:05 20:10 1 1 1 4 3 7 4
20:10 20:15 1 1 1 4 3 6 3
20:15 20:20 0 1 1 3 2 6 5
20:20 20:25 0 0 1 3 2 6 5
20:25 20:30 0 0 0 3 1 6 7
20:30 20:35 1 0 0 4 2 5 7
20:35 20:40 1 1 0 4 2 4 6
20:40 20:45 1 1 1 4 3 5 6
20:45 20:50 1 1 1 4 3 6 6
20:50 20:55 1 1 1 4 3 7 6
20:55 21:00 1 1 1 4 3 7 5
21:00 21:05 1 1 1 1 1 4 2
21:05 21:10 1 1 1 1 1 4 3
21:10 22:00 1 1 1 1 1 4 4
22:00 22:30 0 0 4 0 0 3 3
22:30 22:35 0 0 3 0 0 3 3
22:35 22:40 0 0 0 0 0 2 3
22:40 22:45 0 0 0 0 0 1 1
22:45 22:50 0 0 1 0 0 1 1
22:50 22:55 0 0 4 0 0 1 0
22:55 23:05 0 0 4 0 0 2 2
23:05 23:15 0 0 4 0 0 3 3
23:15 23:20 0 0 2 0 0 3 3
23:20 23:25 0 0 0 0 0 2 2
23:25 23:30 0 0 0 0 0 1 2
23:30 23:35 0 0 2 0 0 1 2
23:35 23:40 0 0 4 0 0 2 3
23:40 23:50 0 0 4 0 0 3 2
23:50 23:55 0 0 4 0 0 2 1
23:55 00:00 0 0 4 0 0 2 2
