#MinuteInterval:
15

#DaysPerCycle:
7

#FlagCyclical: yes or no
yes

#Requirements:
10 10 10 10 10 10 10 10 10 10 10 10 10 10 10 10 10 10 10 10 10 10 6 6 6 0 0 0 0 0 0 0 0 0 0 0 0 1 4 5 5 5 13 13 13 13 13 13 13 13 13 13 18 20 20 21 21 21 21 24 24 24 24 24 24 24 24 24 24 24 24 20 15 12 12 11 11 11 11 11 11 11 11 11 16 17 16 16 14 14 14 14 14 14 14 14 14 14 14 14 14 14 14 14 14 14 14 14 14 14 14 14 14 14 14 14 14 14 8 8 8 0 0 0 0 0 0 0 0 0 0 0 0 1 4 5 5 5 13 13 13 13 13 13 13 13 13 13 18 20 20 21 21 21 21 25 25 25 25 25 25 25 25 25 25 25 25 21 16 13 13 12 12 12 12 12 12 12 12 12 17 14 13 13 11 11 11 11 10 10 10 10 10 10 10 10 10 10 10 10 10 10 10 10 10 10 10 10 10 10 10 10 10 10 4 4 4 0 0 0 0 0 0 0 0 0 0 0 0 1 6 7 7 7 15 15 15 15 15 15 15 15 15 15 20 22 22 23 23 23 23 27 27 27 27 27 27 27 27 27 27 27 27 23 18 13 13 12 12 12 12 12 12 12 12 12 17 18 17 17 15 15 15 15 14 14 14 14 14 14 14 14 14 14 14 14 14 14 14 14 14 14 14 14 14 14 14 14 14 14 8 8 8 0 0 0 0 0 0 0 0 0 0 0 0 1 4 5 5 5 13 13 13 13 13 13 13 13 13 13 18 20 20 21 21 21 21 25 25 25 25 25 25 25 25 25 25 25 25 21 16 13 13 12 12 12 12 12 12 12 12 12 16 17 16 16 14 14 14 14 13 13 13 13 13 13 13 13 13 13 13 13 13 13 13 13 13 13 13 13 13 13 13 13 13 13 8 8 8 0 0 0 0 0 0 0 0 0 0 0 0 1 4 4 4 4 13 13 13 13 13 13 13 13 13 13 13 15 15 16 16 16 16 20 20 20 20 20 20 20 20 20 20 20 20 15 10 7 7 7 7 7 7 7 7 7 7 7 12 18 17 17 15 15 15 15 14 14 14 14 14 14 14 14 14 14 14 14 14 14 14 14 14 14 14 14 14 14 14 14 14 14 8 8 8 0 0 0 0 0 0 0 0 0 0 0 0 2 5 6 6 6 13 13 13 13 13 13 13 13 13 13 16 19 19 21 21 21 21 25 25 25 25 25 25 25 25 25 25 25 25 21 16 13 13 12 12 12 12 12 12 12 12 12 16 14 12 12 9 9 9 9 8 8 8 8 8 8 8 8 8 8 8 8 8 8 8 8 8 8 8 8 8 8 8 8 8 8 3 3 3 0 0 0 0 0 0 0 0 0 0 0 0 1 4 5 5 5 12 12 12 12 12 12 12 12 12 12 15 18 18 20 20 20 20 24 24 24 24 24 24 24 24 24 24 24 24 20 16 13 13 12 12 12 12 12 12 12 12 12 16 16 14 14 11 11 11 11 10 10 10 10

#Number of shift templates
4

#Shift templates
#Abbr, Full name, Start, + Minutes,  -Minutes, Length, +Minutes, -Minutes, available days
F Frühschicht 6:0 120 60 480 60 60 *
T Tagschicht 10:0 60 60 480 60 60 *
S Spätschicht 14:0 60 60 480 60 60 *
N Nachtschicht 22:0 60 60 480 60 60 *

#Duties per week: Lower limit, Upper limit
3 5

# Average number of hours per week
 38.5

# Weights about the criteria
#UnderCover:
1

#Overcover:
1

#DutiesPerWeek:
1000

#Shifts:
15

#Fitness of assumed optimal Solution:
# 195

#Optimal Solution:
#Shift Start Length Duties:
# 1:  9:45    540       1  1  1  1  0  1  1
# 2:  9:30    525       3  3  5  3  3  3  3
# 3:  10:30    450       4  4  4  4  4  3  3
# 4:  9:15    525       1  1  1  1  1  2  1
# 5:  10:30    435       4  4  4  4  5  4  4
# 6:  13:0    495       5  5  5  5  0  3  3
# 7:  13:15    525       2  2  2  2  2  3  3
# 8:  14:45    495       3  4  4  4  4  4  4
# 9:  13:45    465       1  1  1  1  1  2  2
# 10:  21:15    540       5  1  5  5  5  0  3
# 11:  21:15    495       1  1  1  1  1  1  0
# 12:  23:0    435       3  3  3  3  3  3  3
# 13:  21:0    510       5  5  5  4  5  4  4
