#MinuteInterval:
15

#DaysPerCycle:
7

#FlagCyclical: yes or no
yes

#Requirements:
18 18 18 18 18 18 18 18 18 18 18 18 18 18 18 18 18 18 18 18 19 19 17 14 19 19 19 19 19 21 16 16 16 16 16 16 16 16 16 18 18 22 22 22 24 24 24 24 24 24 24 24 15 15 20 20 20 18 18 18 13 13 13 13 13 13 13 13 13 13 11 7 7 7 7 5 5 5 5 5 5 5 5 5 8 11 11 11 16 16 16 19 19 19 19 19 19 19 19 19 19 19 19 19 19 19 19 19 19 19 19 19 19 19 19 19 21 21 17 14 19 19 19 19 19 21 16 16 16 16 16 16 16 16 16 18 18 19 19 19 21 21 21 21 21 21 21 21 12 12 13 13 13 11 11 11 6 6 6 6 6 6 6 6 6 6 4 3 3 3 3 1 1 1 1 1 1 1 1 1 4 7 7 7 12 12 16 20 20 20 20 20 20 20 20 20 20 20 20 20 20 20 20 20 20 20 20 20 20 20 20 20 22 22 18 14 19 19 19 19 19 21 16 16 16 16 16 16 16 16 16 18 18 19 19 19 21 21 21 21 21 21 21 21 12 12 17 17 17 15 15 15 10 10 10 10 10 10 10 10 10 10 8 7 7 7 7 5 5 5 5 5 5 5 5 5 8 11 11 11 16 16 16 20 20 20 20 20 20 20 20 20 20 20 20 20 20 20 20 20 20 20 20 20 20 20 20 20 22 22 18 14 19 19 19 19 19 21 16 16 16 16 16 16 16 16 16 18 18 19 19 19 21 21 21 21 21 21 21 21 12 12 17 17 17 15 15 15 10 10 10 10 10 10 10 10 10 10 8 7 7 7 7 5 5 5 5 5 5 5 5 5 8 11 11 11 16 16 16 20 20 20 20 20 20 20 20 20 20 20 20 20 20 20 20 20 20 20 20 20 20 20 20 20 22 22 18 14 19 19 19 19 19 21 16 16 16 16 16 16 16 16 16 18 18 23 23 23 25 25 25 25 25 25 25 25 16 16 21 21 21 19 19 19 14 14 14 14 14 14 14 14 14 14 12 7 7 7 7 5 5 5 5 5 5 5 5 5 8 11 11 11 16 16 16 20 20 20 20 20 20 20 20 20 20 20 20 20 20 20 20 20 20 20 20 20 20 20 20 20 20 20 16 12 16 16 16 16 16 20 15 15 15 15 15 15 15 15 15 17 17 18 18 18 23 23 23 23 23 23 23 23 16 16 20 20 20 16 16 16 12 12 12 12 12 12 12 12 12 12 10 9 9 9 9 4 4 4 4 4 4 4 4 4 5 9 9 9 14 14 15 18 18 18 18 18 18 18 18 18 18 18 18 18 18 18 18 18 18 18 18 18 18 18 18 18 17 17 15 12 16 16 16 16 16 20 15 15 15 15 15 15 15 15 15 17 17 18 18 18 23 23 23 23 23 23 23 23 16 16 20 20 20 16 16 16 12 12 12 12 12 12 12 12 12 12 10 9 9 9 9 4 4 4 4 4 4 4 4 4 5 9 9 9 14 14 15 18 18 18 18 18

#Number of shift templates
4

#Shift templates
#Abbr, Full name, Start, + Minutes,  -Minutes, Length, +Minutes, -Minutes, available days
F Frühschicht 6:0 120 60 480 60 60 *
T Tagschicht 10:0 60 60 480 60 60 *
S Spätschicht 14:0 60 60 480 60 60 *
N Nachtschicht 22:0 60 60 480 60 60 *

#Duties per week: Lower limit, Upper limit
3 5

# Average number of hours per week
 38.5

# Weights about the criteria
#UnderCover:
1

#Overcover:
1

#DutiesPerWeek:
1000

#Shifts:
15

#Fitness of assumed optimal Solution:
# 195

#Optimal Solution:
#Shift Start Length Duties:
# 1:  5:30    450       4  4  4  4  4  4  4
# 2:  5:0    480       5  5  5  5  5  3  3
# 3:  6:0    495       0  0  0  0  0  0  0
# 4:  6:0    540       5  5  5  5  5  4  4
# 5:  7:15    420       2  2  2  2  2  4  4
# 6:  9:45    465       2  2  2  2  2  2  2
# 7:  10:15    450       4  1  1  1  5  1  1
# 8:  11:0    465       2  2  2  2  2  5  5
# 9:  13:30    540       5  1  5  5  5  4  4
# 10:  22:30    540       5  5  5  5  5  5  5
# 11:  22:0    450       5  5  5  5  5  5  5
# 12:  22:45    420       3  4  4  4  4  3  3
# 13:  21:0    510       3  3  3  3  3  1  1
# 14:  21:15    465       3  3  3  3  3  4  4
