#MinuteInterval:
15

#DaysPerCycle:
7

#FlagCyclical: yes or no
yes

#Requirements:
0 0 0 0 0 0 0 0 0 0 0 0 0 0 0 0 0 0 0 0 3 3 7 10 10 10 10 15 15 15 15 15 15 15 15 15 15 18 18 18 18 23 23 23 28 28 28 28 28 28 28 28 28 28 28 28 21 13 13 13 13 13 13 13 13 13 13 10 10 10 10 10 5 5 5 5 0 0 0 0 0 0 0 0 0 0 0 0 0 0 0 0 0 0 0 0 0 0 0 0 0 0 0 0 0 0 0 0 0 0 0 0 0 0 0 0 3 3 7 10 10 10 10 15 15 15 15 15 15 15 15 15 15 18 18 18 18 23 23 23 28 28 28 28 28 28 28 28 28 28 28 28 21 13 13 13 13 13 13 13 13 13 13 10 10 10 10 10 5 5 5 5 0 0 0 0 0 0 0 0 0 0 0 0 0 0 0 0 0 0 0 0 0 0 0 0 0 0 0 0 0 0 0 0 0 0 0 0 0 0 0 0 3 3 7 10 10 10 10 15 15 15 15 15 15 15 15 15 15 18 18 18 18 23 23 23 28 28 28 28 28 28 28 28 28 28 28 28 21 13 13 13 13 13 13 13 13 13 13 10 10 10 10 10 5 5 5 5 0 0 0 0 0 0 0 0 0 0 0 0 0 0 0 0 0 0 0 0 0 0 0 0 0 0 0 0 0 0 0 0 0 0 0 0 0 0 0 0 3 3 7 10 10 10 10 15 15 15 15 15 15 15 15 15 15 18 18 18 18 23 23 23 28 28 28 28 28 28 28 28 28 28 28 28 21 13 13 13 13 13 13 13 13 13 13 10 10 10 10 10 5 5 5 5 0 0 0 0 0 0 0 0 0 0 0 0 0 0 0 0 0 0 0 0 0 0 0 0 0 0 0 0 0 0 0 0 0 0 0 0 0 0 0 0 3 3 7 10 10 10 10 15 15 15 15 15 15 15 15 15 15 17 17 17 17 22 22 22 27 27 27 27 27 27 27 27 27 27 27 27 20 12 12 12 12 12 12 12 12 12 12 10 10 10 10 10 5 5 5 5 0 0 0 0 0 0 0 0 0 0 0 0 0 0 0 0 0 0 0 0 0 0 0 0 0 0 0 0 0 0 0 0 0 0 0 0 0 0 0 0 0 0 4 5 5 5 5 10 10 14 14 14 14 14 14 14 14 16 16 16 16 21 21 21 22 22 22 22 22 22 22 22 22 22 22 22 18 12 12 12 8 8 8 8 8 8 8 6 6 6 6 6 5 5 5 5 0 0 0 0 0 0 0 0 0 0 0 0 0 0 0 0 0 0 0 0 0 0 0 0 0 0 0 0 0 0 0 0 0 0 0 0 0 0 0 0 0 0 4 7 7 7 7 12 12 16 16 16 16 16 16 16 16 18 18 18 18 23 23 23 24 24 24 24 24 24 24 24 24 24 24 24 20 12 12 12 8 8 8 8 8 8 8 6 6 6 6 6 5 5 5 5 0 0 0 0 0 0 0 0 0 0 0 0 0 0 0 0 0 0 0 0

#Number of shift templates
4

#Shift templates
#Abbr, Full name, Start, + Minutes,  -Minutes, Length, +Minutes, -Minutes, available days
F Frühschicht 6:0 120 60 480 60 60 *
T Tagschicht 10:0 60 60 480 60 60 *
S Spätschicht 14:0 60 60 480 60 60 *
N Nachtschicht 22:0 60 60 480 60 60 *

#Duties per week: Lower limit, Upper limit
3 5

# Average number of hours per week
 38.5

# Weights about the criteria
#UnderCover:
1

#Overcover:
1

#DutiesPerWeek:
1000

#Shifts:
15

#Fitness of assumed optimal Solution:
# 120

#Optimal Solution:
#Shift Start Length Duties:
# 1:  6:45    450       5  5  5  5  5  5  5
# 2:  5:0    540       3  3  3  3  3  0  0
# 3:  7:15    465       0  0  0  0  0  4  4
# 4:  5:45    510       3  3  3  3  3  1  3
# 5:  5:30    510       4  4  4  4  4  4  4
# 6:  10:15    525       5  5  5  5  5  5  5
# 7:  9:15    450       3  3  3  3  2  2  2
# 8:  11:0    420       5  5  5  5  5  1  1
