#MinuteInterval:
15

#DaysPerCycle:
7

#FlagCyclical: yes or no
yes

#Requirements:
13 13 13 13 13 13 13 13 13 13 13 13 13 13 13 13 13 13 13 13 8 5 5 3 3 0 0 0 0 5 5 5 5 5 5 5 5 5 5 18 18 22 22 22 22 22 22 22 22 22 22 22 22 22 22 22 22 22 22 17 17 17 17 17 17 17 17 17 17 9 9 4 4 4 4 0 0 0 0 0 0 0 0 0 0 0 0 8 13 13 13 13 13 13 13 13 13 13 13 13 13 13 13 13 13 13 13 13 13 13 13 13 13 13 13 13 8 3 3 0 0 0 0 0 0 5 5 5 5 5 5 5 5 5 5 17 17 21 21 21 21 21 21 21 21 21 21 21 21 21 21 21 21 21 21 16 16 16 16 16 16 16 16 16 16 9 9 4 4 4 4 0 0 0 0 0 0 0 0 0 0 3 3 12 17 17 17 17 17 17 17 17 17 17 17 17 17 17 17 17 17 17 17 17 17 17 17 17 17 17 17 17 12 7 7 3 3 0 0 0 0 5 5 5 5 5 5 5 5 5 5 18 18 22 22 22 22 22 22 22 22 22 22 22 22 22 22 22 22 22 22 17 17 17 17 17 17 17 17 17 17 9 9 4 4 4 4 0 0 0 0 0 0 0 0 0 0 3 3 10 15 15 15 15 15 15 15 15 15 15 15 15 15 15 15 15 15 15 15 15 15 15 15 15 15 15 15 15 10 5 5 3 3 0 0 0 0 5 5 5 5 5 5 5 5 5 5 18 18 22 22 22 22 22 22 22 22 22 22 22 22 22 22 22 22 22 22 17 17 17 17 17 17 17 17 17 17 9 9 4 4 4 4 0 0 0 0 0 0 0 0 0 0 3 3 10 15 15 15 15 15 15 15 15 15 15 15 15 15 15 15 15 15 15 15 15 15 15 15 15 15 15 15 15 10 5 5 3 3 0 0 0 0 5 5 5 5 5 5 5 5 5 5 18 18 22 22 22 22 22 22 22 22 22 22 22 22 22 22 22 22 22 22 17 17 17 17 17 17 17 17 17 17 9 9 4 4 4 4 0 0 0 0 0 0 0 0 0 0 4 4 11 16 16 16 16 16 16 16 16 16 16 16 16 16 16 16 16 16 16 16 16 16 16 16 16 16 16 16 16 11 6 6 4 4 0 0 0 0 1 1 1 1 1 1 1 1 1 1 9 9 11 11 11 11 11 11 11 11 11 11 11 11 11 11 11 11 11 11 10 10 10 10 10 10 10 10 10 10 6 6 5 5 5 5 0 0 0 0 0 0 0 0 0 0 3 3 6 11 11 11 11 11 11 11 11 11 11 11 11 11 11 11 11 11 11 11 11 11 11 11 11 11 11 11 11 6 3 3 3 3 0 0 0 0 5 5 5 5 5 5 5 5 5 5 13 13 15 15 15 15 15 15 15 15 15 15 15 15 15 15 15 15 15 15 10 10 10 10 10 10 10 10 10 10 6 6 5 5 5 5 0 0 0 0 0 0 0 0 0 0 3 3 8 13 13 13 13 13 13 13 13

#Number of shift templates
4

#Shift templates
#Abbr, Full name, Start, + Minutes,  -Minutes, Length, +Minutes, -Minutes, available days
F Frühschicht 6:0 120 60 480 60 60 *
T Tagschicht 10:0 60 60 480 60 60 *
S Spätschicht 14:0 60 60 480 60 60 *
N Nachtschicht 22:0 60 60 480 60 60 *

#Duties per week: Lower limit, Upper limit
3 5

# Average number of hours per week
 38.5

# Weights about the criteria
#UnderCover:
1

#Overcover:
1

#DutiesPerWeek:
1000

#Shifts:
15

#Fitness of assumed optimal Solution:
# 135

#Optimal Solution:
#Shift Start Length Duties:
# 1:  7:15    450       5  5  5  5  5  1  5
# 2:  10:15    420       4  4  4  4  4  2  2
# 3:  9:45    450       4  3  4  4  4  2  2
# 4:  9:45    540       4  4  4  4  4  5  5
# 5:  9:45    480       5  5  5  5  5  1  1
# 6:  21:45    480       3  4  2  2  2  0  2
# 7:  21:15    540       0  3  3  3  4  3  3
# 8:  22:0    420       5  5  5  5  5  5  5
# 9:  21:45    450       5  5  5  5  5  3  3
