#MinuteInterval:
15

#DaysPerCycle:
7

#FlagCyclical: yes or no
yes

#Requirements:
2 2 2 2 2 2 2 2 2 2 2 2 2 2 2 2 2 2 2 2 2 2 2 0 0 0 0 1 1 1 2 2 2 2 2 2 2 2 2 2 7 7 12 16 20 20 20 20 20 20 20 20 20 20 22 26 26 30 30 33 33 33 33 33 33 32 32 32 32 32 32 27 23 23 23 19 19 14 14 14 14 14 14 14 14 14 8 8 6 5 5 5 2 2 2 2 2 2 2 2 2 2 2 2 2 2 2 2 2 2 2 2 2 2 2 2 2 2 2 0 0 0 0 1 1 1 2 2 2 2 2 2 2 2 2 2 7 7 12 16 20 20 20 20 20 20 20 20 20 20 22 26 26 30 30 33 33 33 33 33 33 32 32 32 32 32 32 27 23 23 23 19 19 14 14 14 14 14 14 14 14 14 8 8 6 5 5 5 2 2 2 2 2 2 2 2 2 2 2 2 2 2 2 2 2 2 2 2 2 2 2 2 2 2 2 0 0 0 0 3 3 3 4 4 4 4 4 4 4 4 4 4 9 9 14 18 22 22 22 22 22 22 22 22 22 22 24 28 28 32 32 35 33 33 33 33 33 32 32 32 32 32 32 27 23 23 23 19 19 14 14 14 14 14 14 14 14 14 8 8 6 5 5 5 2 2 2 2 2 2 2 2 2 2 2 2 2 2 2 2 2 2 2 2 2 2 2 2 2 2 2 0 0 0 0 1 1 1 2 2 2 2 2 2 2 2 2 2 5 5 10 14 18 18 18 18 18 18 18 18 18 18 20 24 24 28 28 31 31 31 31 31 31 30 30 30 30 30 30 27 23 23 23 19 19 14 14 14 14 14 14 14 14 14 8 8 6 5 5 5 2 2 2 2 2 2 2 2 2 2 2 2 2 2 2 2 2 2 2 2 2 2 2 2 2 2 2 0 0 0 0 1 1 1 2 2 2 2 2 2 2 2 2 2 7 7 12 16 20 20 20 20 20 20 20 20 20 20 22 26 26 30 30 33 33 33 33 33 33 32 32 32 32 32 32 27 23 23 23 19 19 14 14 14 14 14 14 14 14 14 8 8 6 5 5 5 2 2 2 2 2 2 2 2 2 2 2 2 2 2 2 2 2 2 2 2 2 2 2 2 2 2 2 0 0 0 0 1 1 1 5 5 5 5 5 5 5 5 5 5 10 10 11 15 16 16 16 16 16 16 16 16 16 16 18 22 22 22 22 25 29 29 29 29 29 25 25 25 25 25 25 20 16 16 16 15 15 14 14 14 14 14 14 14 14 14 8 8 9 4 4 4 1 1 1 1 1 1 1 1 1 1 1 1 1 1 1 1 1 1 1 1 1 1 1 1 1 1 1 0 0 0 0 5 5 5 10 10 10 10 10 10 10 10 10 10 15 15 16 20 21 21 21 21 21 21 21 21 21 21 23 26 26 26 26 29 29 29 29 29 29 24 24 24 24 24 24 19 15 15 15 14 14 13 13 13 13 13 13 13 13 13 8 8 10 5 5 5 2 2 2 2

#Number of shift templates
4

#Shift templates
#Abbr, Full name, Start, + Minutes,  -Minutes, Length, +Minutes, -Minutes, available days
F Frühschicht 6:0 120 60 480 60 60 *
T Tagschicht 10:0 60 60 480 60 60 *
S Spätschicht 14:0 60 60 480 60 60 *
N Nachtschicht 22:0 60 60 480 60 60 *

#Duties per week: Lower limit, Upper limit
3 5

# Average number of hours per week
 38.5

# Weights about the criteria
#UnderCover:
1

#Overcover:
1

#DutiesPerWeek:
1000

#Shifts:
15

#Fitness of assumed optimal Solution:
# 180

#Optimal Solution:
#Shift Start Length Duties:
# 1:  7:30    525       1  1  1  1  1  4  5
# 2:  6:45    495       1  1  3  1  1  1  5
# 3:  6:15    510       0  0  0  0  0  0  0
# 4:  10:45    435       4  4  4  4  4  4  4
# 5:  10:0    465       5  5  5  3  5  5  5
# 6:  9:15    465       0  0  0  0  0  0  0
# 7:  11:0    465       4  4  4  4  4  1  1
# 8:  10:30    525       5  5  5  5  5  1  1
# 9:  15:0    435       1  1  1  1  1  5  5
# 10:  14:15    465       4  4  4  4  4  0  0
# 11:  14:45    495       3  3  3  3  3  3  3
# 12:  13:30    480       2  2  2  2  2  2  2
# 13:  13:45    465       4  4  4  4  4  4  3
# 14:  22:0    465       2  2  2  2  2  1  2
