#MinuteInterval:
15

#DaysPerCycle:
7

#FlagCyclical: yes or no
yes

#Requirements:
10 10 10 10 10 10 10 10 10 10 10 10 10 10 10 10 10 10 10 10 7 7 7 4 4 4 4 4 4 2 2 0 0 0 0 0 0 1 1 1 1 1 1 6 6 6 6 6 6 6 6 6 6 11 11 11 11 14 14 14 14 14 14 14 14 14 14 14 14 14 14 14 14 8 8 8 8 8 8 8 8 8 8 3 7 7 7 7 7 8 8 8 11 8 8 8 8 8 8 8 8 8 8 8 8 8 8 8 8 8 8 8 8 8 8 8 7 7 7 4 4 4 4 4 4 3 3 0 0 0 0 0 0 1 1 1 1 1 1 1 1 1 1 1 1 1 1 1 1 6 6 6 6 9 9 9 9 9 9 9 9 9 9 9 9 9 9 9 9 8 8 8 8 8 8 8 8 8 8 3 7 7 7 7 7 8 8 8 11 8 8 8 8 8 8 8 8 8 8 8 8 8 8 8 8 8 8 8 8 8 8 8 7 7 7 4 4 4 4 4 4 3 3 0 0 0 0 0 0 1 1 1 1 1 1 1 1 1 1 1 1 1 1 1 1 6 6 6 6 9 9 9 9 9 9 9 9 9 9 9 9 9 9 9 9 8 8 8 8 8 8 8 8 8 8 3 9 9 9 9 9 12 12 12 15 12 12 12 12 12 12 12 12 12 12 12 12 12 12 12 12 12 12 12 12 12 12 12 9 9 9 6 6 6 6 6 6 3 3 0 0 0 0 0 0 1 1 1 1 1 1 1 1 1 1 1 1 1 1 1 1 6 6 6 6 9 9 9 9 9 9 9 9 9 9 9 9 9 9 9 9 8 8 8 8 8 8 8 8 8 8 3 7 7 7 7 7 8 8 8 11 8 8 8 8 8 8 8 8 8 8 8 8 8 8 8 8 8 8 8 8 8 8 8 7 7 7 4 4 4 4 4 4 3 3 0 0 0 0 0 0 1 1 1 1 1 1 1 1 1 1 1 1 1 1 1 1 6 6 6 6 9 9 9 9 9 9 9 9 9 9 9 9 9 9 9 9 8 8 8 8 8 8 8 8 8 8 3 7 7 7 7 7 8 8 8 11 8 8 8 8 8 8 8 8 8 8 8 8 8 8 8 8 8 8 8 8 8 8 8 7 7 7 4 4 4 4 4 4 3 3 0 0 0 0 0 0 1 1 1 1 1 1 5 5 5 5 5 5 5 5 5 5 10 10 10 10 13 13 13 13 13 13 13 13 13 13 13 13 13 13 13 13 8 8 8 8 8 8 8 8 8 8 3 5 5 5 5 5 7 7 7 12 9 9 9 9 9 9 9 9 9 9 9 9 9 9 9 9 9 9 9 9 9 9 9 8 8 8 7 7 7 7 7 7 5 5 0 0 0 0 0 0 1 1 1 1 1 1 5 5 5 5 5 5 5 5 5 5 10 10 10 10 13 13 13 13 13 13 13 13 13 13 13 13 13 13 13 13 8 8 8 8 8 8 8 8 8 8 3 9 9 9 9 9 11 11 11 13 10 10 10

#Number of shift templates
4

#Shift templates
#Abbr, Full name, Start, + Minutes,  -Minutes, Length, +Minutes, -Minutes, available days
F Frühschicht 6:0 120 60 480 60 60 *
T Tagschicht 10:0 60 60 480 60 60 *
S Spätschicht 14:0 60 60 480 60 60 *
N Nachtschicht 22:0 60 60 480 60 60 *

#Duties per week: Lower limit, Upper limit
3 5

# Average number of hours per week
 38.5

# Weights about the criteria
#UnderCover:
1

#Overcover:
1

#DutiesPerWeek:
1000

#Shifts:
15

#Fitness of assumed optimal Solution:
# 120

#Optimal Solution:
#Shift Start Length Duties:
# 1:  9:15    540       1  1  1  1  1  1  1
# 2:  10:45    450       5  0  0  0  0  4  4
# 3:  13:15    450       5  5  5  5  5  5  5
# 4:  14:15    540       3  3  3  3  3  3  3
# 5:  21:0    525       3  3  3  3  3  1  3
# 6:  21:0    480       1  1  3  1  1  1  3
# 7:  22:15    540       1  1  3  1  1  2  2
# 8:  23:0    525       3  3  3  3  3  5  2
