#Derived from random example Random1-7.txt in set 1

MinuteInterval: 5

DaysPerCycle: 7

# cyclical ...
FlagCyclical: yes

No_shift_types: 4


#Break Constraints:
Break_Length: 00:10 01:00
# Break_Length_After_Long_Work_Period: <min_long_break_length> <work duration_requiring_long_break>
Break_Length_After_Long_Work_Period: 00:20 00:50
Break_distance_to_shift_start_and_end: 00:30 00:30
Working_Period_Length: 00:30 01:40
#Lunch Breaks: min shift length requiring lunch, lunch break length, earliest start, latest start
Lunch_Breaks: 06:00 00:30 3:30 05:30


Shift_types:
#Abbr, Full name, Start, + Minutes,  -Minutes, Length, +Minutes, -Minutes
F Earlyshift 06:00 02:00 01:00 08:00 01:00 01:00
T Dayshift 10:00 01:00 01:00 08:00 01:00 01:00
S Lateshift 14:00 01:00 01:00 08:00 01:00 01:00
N Nightshift 22:00 01:00 01:00 08:00 01:00 01:00


#F Earlyshift 06:00 120 60 480 60 60
#T Dayshift 10:00 60 60 480 60 60
#S Lateshift 14:00 60 60 480 60 60
#N Nightshift 22:00 60 60 480 60 60


#Constraint Weights
#CONSTRAINT                     WEIGHT
#------------------------------------------
#BREAK POSITIONS                H
#LUNCH BREAKS                   10 (no of slots of mispacement)
#LENGTH OF WORKING PERIODS      H
#MINIMUM BREAK TIMES            H
#BREAK LENGTHS                  1 (no of slots exceding/below the max/min length)
#NUMBER OF SHIFTS               60
#SHORTAGE                       10
#EXCESS                         2


#Staffing requirements can be expressed in compact way (not one slot at the time)
Staffing_Requirements:
00:00 00:30 3 1 1 1 1 0 3
00:30 00:35 3 1 1 1 0 0 3
00:35 00:45 3 1 1 0 0 0 3
00:45 00:55 1 1 1 0 0 0 2
00:55 01:00 1 1 1 0 0 0 1
01:00 01:05 0 1 1 0 0 0 1
01:05 01:10 0 1 1 0 1 0 1
01:10 01:15 0 1 0 1 1 0 0
01:15 01:20 0 0 0 1 1 0 0
01:20 01:30 2 0 0 1 1 0 1
01:30 01:35 2 0 0 1 1 0 2
01:35 01:45 3 0 0 1 1 0 2
01:45 01:50 2 0 1 1 1 0 3
01:50 02:00 2 1 1 0 0 0 3
02:00 02:05 3 1 1 0 0 0 2
02:05 02:10 2 1 1 1 1 0 1
02:10 02:15 2 1 0 1 1 0 0
02:15 02:20 2 1 0 1 1 0 1
02:20 02:25 2 1 0 1 1 0 2
02:25 02:30 2 1 1 1 1 0 3
02:30 02:35 2 0 1 1 1 0 3
02:35 02:40 3 0 1 1 1 0 3
02:40 02:45 2 0 1 0 1 0 2
02:45 02:50 2 1 1 0 0 0 2
02:50 02:55 2 1 1 0 0 0 1
02:55 03:00 2 1 1 1 0 0 1
03:00 03:05 1 1 0 1 1 0 1
03:05 03:10 1 1 0 1 1 0 2
03:10 03:15 2 1 0 1 1 0 3
03:15 03:25 3 1 1 1 1 0 3
03:25 03:40 3 0 1 1 1 0 3
03:40 03:45 1 1 1 0 1 0 0
03:45 03:55 1 1 1 0 0 0 0
03:55 04:00 2 1 1 1 0 0 3
04:00 04:10 2 1 0 1 1 0 3
04:10 04:15 3 0 0 1 1 0 3
04:15 04:25 3 0 1 1 1 0 3
04:25 05:30 3 1 1 1 1 0 3
05:30 07:00 0 0 0 0 0 0 0
07:00 07:30 4 2 4 2 4 4 4
07:30 07:35 4 2 3 2 3 3 2
07:35 07:40 4 2 1 2 3 3 2
07:40 07:45 3 1 1 2 2 1 1
07:45 07:50 1 1 1 2 2 2 2
07:50 07:55 0 0 3 0 1 1 2
07:55 08:00 1 1 3 0 2 3 3
08:00 08:05 3 1 4 0 3 3 4
08:05 08:10 4 2 4 2 4 4 4
08:10 08:15 4 2 4 2 4 3 4
08:15 08:20 4 2 4 2 3 3 4
08:20 08:25 4 2 4 2 3 2 4
08:25 08:30 4 2 2 2 3 3 1
08:30 08:35 3 2 2 2 4 3 0
08:35 08:40 1 1 1 2 4 3 0
08:40 08:45 0 1 2 2 3 2 3
08:45 08:50 1 1 2 2 1 2 4
08:50 08:55 3 1 3 0 1 3 4
08:55 09:00 4 1 4 0 2 4 4
09:00 09:05 4 1 4 0 4 3 4
09:05 09:10 4 2 3 2 4 3 4
09:10 09:15 4 2 3 2 3 3 3
09:15 09:20 4 2 3 2 3 3 2
09:20 09:25 4 2 4 2 3 2 2
09:25 09:30 3 1 3 2 3 1 1
09:30 09:35 3 3 6 2 4 4 4
09:35 09:40 2 3 5 2 4 5 4
09:40 09:45 3 4 5 2 5 6 6
09:45 09:50 5 3 5 4 5 6 6
09:50 09:55 6 3 6 4 5 6 6
09:55 10:00 6 3 7 4 5 6 6
10:00 10:05 6 4 6 3 5 5 6
10:05 10:10 4 4 6 3 5 5 6
10:10 10:15 4 4 5 3 4 4 4
10:15 10:20 4 3 6 3 5 5 4
10:20 10:25 6 2 5 3 5 5 4
10:25 10:30 6 2 6 3 6 6 6
10:30 10:35 8 5 7 5 7 10 6
10:35 10:40 8 6 7 5 7 9 5
10:40 10:45 6 6 6 4 7 8 4
10:45 10:50 4 6 5 4 7 7 3
10:50 10:55 4 6 4 3 6 7 2
10:55 11:00 4 5 4 4 6 6 2
11:00 11:05 9 6 4 6 6 7 3
11:05 11:10 8 5 5 7 7 5 2
11:10 11:15 8 5 6 6 5 6 3
11:15 11:20 9 6 9 7 6 5 4
11:20 11:25 9 7 10 6 7 7 6
11:25 11:30 8 7 10 8 8 8 6
11:30 11:35 6 6 10 7 7 9 6
11:35 11:40 6 6 11 8 8 9 6
11:40 11:45 5 6 10 8 8 8 5
11:45 11:50 7 6 7 8 8 7 3
11:50 11:55 6 6 5 5 7 9 3
11:55 12:00 8 3 3 5 7 8 4
12:00 12:05 9 5 4 4 7 8 6
12:05 12:10 9 5 6 5 8 6 5
12:10 12:15 9 7 9 5 8 6 6
12:15 12:20 9 7 11 7 9 7 6
12:20 12:25 8 7 10 9 8 9 6
12:25 12:30 8 7 10 9 7 11 4
12:30 12:35 8 6 9 7 7 9 4
12:35 12:40 10 7 6 6 9 8 5
12:40 12:45 9 7 5 5 10 7 6
12:45 12:50 8 7 6 7 9 6 6
12:50 12:55 6 6 10 7 7 6 5
12:55 13:00 7 7 10 7 7 7 6
13:00 13:05 8 8 10 6 9 9 6
13:05 13:10 9 8 10 6 11 9 6
13:10 13:15 9 7 9 6 10 9 5
13:15 13:20 9 5 7 6 8 8 5
13:20 13:25 8 5 7 7 6 9 2
13:25 13:30 8 6 6 7 6 7 2
13:30 13:35 6 8 5 5 7 7 2
13:35 13:40 5 6 4 5 8 8 3
13:40 13:45 5 6 6 6 7 9 5
13:45 13:50 6 6 8 8 8 10 5
13:50 13:55 10 7 10 7 8 10 6
13:55 14:00 10 8 10 7 9 9 7
14:00 14:05 14 13 13 11 13 14 11
14:05 14:10 14 13 14 11 13 12 11
14:10 14:15 13 12 14 12 12 12 10
14:15 14:20 12 12 13 11 13 12 10
14:20 14:25 12 12 12 11 13 13 9
14:25 14:30 13 12 12 11 13 13 10
14:30 14:35 15 11 14 12 12 13 13
14:35 14:40 13 11 13 10 11 13 13
14:40 14:45 12 7 12 8 10 12 11
14:45 14:50 13 10 13 10 12 12 8
14:50 14:55 13 10 15 9 12 13 9
14:55 15:00 15 12 17 10 13 13 11
15:00 15:05 14 15 17 12 14 13 9
15:05 15:10 13 17 16 13 17 13 8
15:10 15:15 13 16 12 16 16 13 8
15:15 15:20 13 16 12 18 16 11 7
15:20 15:25 14 15 12 16 14 11 8
15:25 15:30 15 15 12 16 15 9 8
15:30 15:35 15 10 11 13 8 11 8
15:35 15:40 15 8 12 15 8 11 6
15:40 15:45 11 8 13 13 8 11 6
15:45 15:50 10 15 16 12 16 10 7
15:50 15:55 9 17 14 10 17 10 9
15:55 16:00 11 17 16 11 14 12 8
16:00 16:05 13 15 13 12 13 13 6
16:05 16:10 15 16 13 14 15 13 7
16:10 16:15 17 16 8 13 15 13 7
16:15 16:20 17 17 11 15 13 12 9
16:20 16:25 15 15 12 15 9 11 9
16:25 16:30 14 11 16 16 12 10 9
16:30 16:35 13 7 16 14 14 11 9
16:35 16:40 10 9 15 14 15 13 8
16:40 16:45 9 13 16 11 15 11 5
16:45 16:50 9 18 14 12 14 11 6
16:50 16:55 14 17 15 12 15 9 5
16:55 17:00 17 18 14 16 14 13 9
17:00 17:05 17 17 14 15 15 13 9
17:05 17:10 17 17 13 15 16 13 11
17:10 17:15 16 15 13 14 15 12 11
17:15 17:20 16 14 14 15 14 13 11
17:20 17:25 17 12 16 15 14 14 10
17:25 17:30 14 15 16 13 14 15 10
17:30 17:35 14 17 16 14 16 12 10
17:35 17:40 14 19 17 14 15 12 11
17:40 17:45 14 19 15 16 16 12 10
17:45 17:50 15 18 16 16 16 14 9
17:50 17:55 15 17 16 17 15 12 9
17:55 18:00 17 16 16 16 14 12 10
18:00 18:05 16 16 11 16 14 12 8
18:05 18:10 15 15 11 16 13 9 5
18:10 18:15 12 15 11 14 13 10 5
18:15 18:20 13 14 14 14 13 10 4
18:20 18:25 12 13 14 13 14 10 4
18:25 18:30 13 13 14 14 14 12 4
18:30 18:35 9 8 8 8 9 5 1
18:35 18:40 11 10 11 8 9 5 4
18:40 18:45 12 9 7 9 10 7 7
18:45 18:50 12 9 8 9 6 7 7
18:50 18:55 12 8 7 10 6 7 8
18:55 19:00 8 9 9 9 4 9 8
19:00 19:05 7 7 8 8 8 8 7
19:05 19:10 5 10 9 11 11 6 7
19:10 19:15 8 10 10 10 12 3 5
19:15 19:20 7 12 12 12 12 4 5
19:20 19:25 8 14 11 11 13 5 5
19:25 19:30 9 12 9 10 13 8 6
19:30 19:35 12 13 10 11 12 8 6
19:35 19:40 14 11 12 10 13 9 7
19:40 19:45 13 12 10 10 12 9 8
19:45 19:50 11 12 10 8 9 8 9
19:50 19:55 10 14 8 10 7 7 9
19:55 20:00 12 13 9 12 9 6 7
20:00 20:05 7 8 8 11 10 6 4
20:05 20:10 7 8 8 10 11 7 4
20:10 20:15 7 10 10 10 9 7 3
20:15 20:20 10 11 8 11 9 7 5
20:20 20:25 10 9 9 11 10 8 4
20:25 20:30 10 9 9 8 11 9 7
20:30 20:35 11 10 11 7 10 9 7
20:35 20:40 12 10 10 6 10 8 8
20:40 20:45 9 9 8 7 8 8 8
20:45 20:50 7 8 7 7 7 8 8
20:50 20:55 5 9 8 9 6 8 7
20:55 21:00 7 9 8 11 9 8 7
21:00 21:05 8 8 9 11 9 6 6
21:05 21:10 9 10 10 11 8 5 7
21:10 21:15 9 10 10 11 8 5 6
21:15 21:20 10 12 9 12 9 4 6
21:20 21:25 11 11 9 10 10 6 5
21:25 21:30 12 12 11 9 10 6 6
21:30 21:35 12 12 12 8 10 7 5
21:35 21:45 11 13 11 9 11 5 4
21:45 21:50 11 13 11 10 11 4 5
21:50 21:55 11 12 12 11 11 6 7
21:55 22:00 11 12 12 12 11 6 7
22:00 22:05 6 7 7 7 6 6 6
22:05 22:20 7 8 7 7 6 6 6
22:20 22:25 7 8 7 7 6 6 4
22:25 22:30 7 8 6 7 6 4 3
22:30 22:35 1 1 0 1 0 0 0
22:35 22:40 1 1 0 0 0 0 2
22:40 22:45 0 1 1 0 0 2 3
22:45 22:50 0 1 1 0 0 3 3
22:50 22:55 0 0 1 1 0 3 3
22:55 23:05 1 0 1 1 0 3 3
23:05 23:10 1 1 1 1 0 3 3
23:10 23:15 1 1 0 1 0 3 3
23:15 23:20 1 1 0 0 0 2 0
23:20 23:25 1 1 0 0 0 1 0
23:25 23:30 1 1 1 0 0 0 0
23:30 23:35 1 1 1 1 0 1 3
23:35 23:40 1 0 1 1 0 2 3
23:40 23:50 0 0 1 1 0 3 3
23:50 23:55 0 1 1 1 0 3 3
23:55 00:00 1 1 1 1 0 3 3
