#MinuteInterval:
15

#DaysPerCycle:
7

#FlagCyclical: yes or no
yes

#Requirements:
5 5 5 5 5 5 5 5 5 5 5 5 5 5 5 5 5 5 5 5 5 5 5 0 4 4 4 4 4 4 4 4 6 6 6 6 6 6 6 6 6 6 6 7 7 7 7 7 7 7 7 7 10 10 10 10 9 9 6 6 6 6 6 4 4 4 4 4 4 4 4 4 4 4 4 4 4 4 3 3 3 3 3 0 0 0 0 3 3 3 3 3 3 3 3 3 3 3 3 3 3 3 3 3 3 3 3 3 3 3 3 3 3 3 3 3 3 3 3 0 4 4 4 4 4 4 4 4 6 6 6 6 6 6 6 6 6 6 6 7 7 7 7 7 7 7 7 7 10 10 10 10 9 9 6 6 6 6 6 4 4 4 4 4 4 4 4 4 4 4 4 4 4 4 3 3 3 3 3 0 0 0 0 3 3 3 3 3 3 3 3 3 3 3 3 3 3 3 3 3 3 3 3 3 3 3 3 3 3 3 3 3 3 3 3 0 4 4 4 4 4 4 4 4 6 6 6 6 6 6 6 6 6 6 6 7 7 7 7 7 7 7 7 7 7 7 7 7 6 6 3 3 3 3 3 1 1 1 1 1 1 1 1 1 1 1 1 1 1 1 0 0 0 0 0 0 0 0 0 3 3 3 3 3 3 3 3 3 3 3 3 3 3 3 3 3 3 3 3 3 3 3 3 3 3 3 3 3 3 3 3 0 4 4 4 4 4 4 4 4 6 6 6 6 6 6 6 6 6 6 6 7 7 7 7 7 7 7 7 7 10 10 10 10 9 9 6 6 6 6 6 4 4 4 4 4 4 4 4 4 4 4 4 4 4 4 3 3 3 3 3 0 0 0 0 3 3 3 3 3 3 3 3 3 3 3 3 3 3 3 3 3 3 3 3 3 3 3 3 3 3 3 3 3 3 5 5 2 6 6 6 6 6 6 6 6 8 8 8 8 8 8 8 8 8 8 8 9 9 9 9 9 9 9 9 7 10 10 10 10 9 9 6 6 6 6 6 4 4 4 4 4 4 4 4 4 4 4 4 4 4 4 3 3 3 3 3 0 0 0 0 3 3 3 3 3 3 3 3 3 3 3 3 3 3 3 3 3 3 3 3 3 3 3 3 3 3 3 3 3 3 4 4 1 5 5 5 5 5 5 5 5 10 10 10 10 10 10 10 10 10 10 10 14 14 14 14 14 14 14 14 13 18 18 18 18 17 17 14 14 14 14 14 9 9 9 9 9 9 9 9 9 9 9 9 9 9 9 5 5 5 5 5 0 0 0 0 1 1 1 1 1 1 1 1 1 1 1 1 1 1 1 1 1 1 1 1 1 1 1 1 1 1 1 1 1 1 2 2 1 5 5 5 5 5 5 5 5 7 7 7 7 7 7 9 9 9 9 9 13 13 13 13 13 13 13 13 12 17 17 17 17 16 16 13 13 13 13 13 11 11 11 11 11 9 9 9 9 9 9 9 9 9 9 5 5 5 5 5 0 0 0 0 5 5 5 5 5 5 5 5 5

#Number of shift templates
4

#Shift templates
#Abbr, Full name, Start, + Minutes,  -Minutes, Length, +Minutes, -Minutes, available days
F Frühschicht 6:0 120 60 480 60 60 *
T Tagschicht 10:0 60 60 480 60 60 *
S Spätschicht 14:0 60 60 480 60 60 *
N Nachtschicht 22:0 60 60 480 60 60 *

#Duties per week: Lower limit, Upper limit
3 5

# Average number of hours per week
 38.5

# Weights about the criteria
#UnderCover:
1

#Overcover:
1

#DutiesPerWeek:
1000

#Shifts:
15

#Fitness of assumed optimal Solution:
# 120

#Optimal Solution:
#Shift Start Length Duties:
# 1:  6:0    480       1  1  1  1  1  1  1
# 2:  5:15    450       0  0  0  0  2  1  1
# 3:  6:0    510       3  3  3  3  3  3  3
# 4:  8:0    465       2  2  2  2  2  5  2
# 5:  9:30    450       0  0  0  0  0  0  2
# 6:  10:45    525       1  1  1  1  1  4  4
# 7:  15:0    465       0  0  0  0  0  0  0
# 8:  13:0    465       3  3  0  3  3  5  5
# 9:  21:45    480       3  3  3  3  3  1  5
