#MinuteInterval:
15

#DaysPerCycle:
7

#FlagCyclical: yes or no
yes

#Requirements:
12 12 12 12 12 12 12 12 12 12 12 12 12 12 12 12 12 12 12 12 7 7 7 7 7 7 12 6 6 6 6 11 15 15 15 15 15 15 15 15 15 20 20 20 22 22 22 22 22 22 22 22 22 22 23 27 22 22 21 21 21 21 21 12 12 12 12 12 12 12 12 12 12 7 7 5 5 5 5 5 5 5 5 5 4 4 7 10 10 11 14 14 14 14 14 14 14 14 14 14 14 14 14 14 14 14 14 14 14 14 14 14 14 14 14 14 11 11 11 8 8 8 13 8 8 8 6 11 15 15 15 15 15 15 15 15 15 20 20 20 22 22 22 22 22 22 22 22 22 22 23 27 22 22 21 21 21 21 21 12 12 12 12 12 12 12 12 12 12 7 7 5 5 5 5 5 5 5 5 5 4 4 4 7 7 11 14 14 14 14 14 14 14 14 14 14 14 14 14 14 14 14 14 14 14 14 14 14 14 14 14 14 11 11 11 11 11 11 16 8 8 8 6 8 12 12 12 12 12 12 12 14 15 20 20 20 22 22 22 22 22 22 22 22 22 22 23 27 22 22 21 21 21 21 21 15 15 15 15 13 13 13 13 13 13 8 8 6 5 5 5 5 5 5 5 5 4 4 4 7 7 11 14 14 14 14 14 14 14 14 14 14 14 14 14 14 14 14 14 14 14 14 14 14 14 14 14 14 11 11 11 11 11 11 16 8 8 8 6 8 13 13 13 13 13 13 13 15 15 17 17 17 19 19 19 19 19 19 19 19 19 19 20 24 19 19 18 18 18 18 18 11 11 11 11 9 9 9 9 9 9 7 7 5 5 5 5 5 5 5 5 5 4 4 4 7 7 11 14 14 14 14 14 14 14 14 14 14 14 14 14 14 14 14 14 14 14 14 14 14 14 14 14 14 11 11 11 11 11 11 16 8 8 8 6 11 15 15 15 15 15 15 15 15 15 20 20 20 22 22 22 22 22 22 22 22 22 22 23 27 22 22 21 21 21 21 21 12 12 12 12 12 12 12 12 12 12 7 7 5 5 5 5 5 5 5 5 5 4 4 4 7 7 11 14 14 14 14 14 14 14 14 14 14 14 14 14 14 14 14 14 14 14 14 14 14 14 14 14 14 11 11 11 11 11 11 11 3 3 3 4 9 10 10 10 10 10 10 10 14 16 19 19 19 19 19 19 19 19 19 19 19 19 19 22 27 27 27 23 23 23 23 23 17 17 17 17 13 13 13 13 13 13 10 10 10 8 8 8 8 8 8 8 8 5 5 6 11 10 10 13 13 13 13 13 13 13 13 13 13 13 13 13 13 13 13 13 13 13 13 13 13 13 13 13 13 8 8 8 7 7 7 7 3 3 3 3 8 9 9 9 9 9 9 9 13 15 18 18 18 20 20 20 20 20 20 20 20 20 20 23 28 28 28 25 25 25 25 25 19 19 19 19 15 15 15 15 15 15 12 12 10 8 8 8 8 8 8 8 8 5 5 5 10 7 11 12 12 12 12 12 12

#Number of shift templates
4

#Shift templates
#Abbr, Full name, Start, + Minutes,  -Minutes, Length, +Minutes, -Minutes, available days
F Frühschicht 6:0 120 60 480 60 60 *
T Tagschicht 10:0 60 60 480 60 60 *
S Spätschicht 14:0 60 60 480 60 60 *
N Nachtschicht 22:0 60 60 480 60 60 *

#Duties per week: Lower limit, Upper limit
3 5

# Average number of hours per week
 38.5

# Weights about the criteria
#UnderCover:
1

#Overcover:
1

#DutiesPerWeek:
1000

#Shifts:
15

#Fitness of assumed optimal Solution:
# 225

#Optimal Solution:
#Shift Start Length Duties:
# 1:  8:0    465       4  4  4  5  4  1  1
# 2:  7:45    480       5  5  2  2  5  5  5
# 3:  7:30    420       1  1  1  1  1  4  3
# 4:  6:30    450       5  5  5  5  5  0  0
# 5:  11:0    465       2  2  2  2  2  0  2
# 6:  10:15    480       5  5  5  2  5  3  3
# 7:  9:45    420       0  0  2  2  0  4  4
# 8:  10:0    540       0  0  1  0  0  2  2
# 9:  13:30    450       1  1  1  1  1  3  3
# 10:  13:45    495       4  4  4  4  4  5  5
# 11:  21:45    435       3  3  3  3  3  5  5
# 12:  22:0    525       4  4  4  4  4  4  2
# 13:  22:15    510       1  4  4  4  4  0  4
# 14:  22:30    540       3  3  3  3  3  3  1
# 15:  21:30    495       3  0  0  0  0  1  0
