#MinuteInterval:
30

#DaysPerCycle:
7

#FlagCyclical: yes or no
yes

#Requirements:
13 13 13 13 13 13 13 13 13 13 10 10 3 3 1 1 0 0 1 6 6 9 10 10 10 10 17 17 17 17 21 21 21 21 20 15 14 14 14 11 11 8 4 10 14 14 18 14 14 14 14 14 14 14 14 14 14 14 10 10 4 4 0 0 0 0 1 6 6 9 10 10 10 10 19 19 19 19 22 22 22 22 21 16 15 15 15 12 12 7 3 9 13 13 17 14 14 14 14 14 14 14 14 14 14 14 10 10 4 4 0 0 0 0 1 6 6 9 10 10 10 10 19 19 19 19 23 23 23 23 22 17 16 16 16 13 13 8 4 10 14 14 18 14 14 14 14 14 14 14 14 14 14 14 10 10 4 4 0 0 0 0 1 6 6 9 10 10 10 10 19 19 19 19 23 23 23 23 22 17 16 16 16 13 13 8 4 12 12 12 16 12 12 12 12 12 12 12 12 12 12 12 8 8 4 4 0 0 0 0 1 6 6 9 10 10 10 10 19 19 19 19 23 23 23 23 22 17 16 16 16 13 13 8 4 10 14 14 18 14 14 14 14 14 14 14 14 14 14 14 10 10 4 4 0 0 0 0 4 9 9 14 16 16 16 16 25 25 25 25 28 28 28 28 24 19 17 17 17 12 12 8 3 8 13 13 16 13 13 13 13 13 13 13 13 13 13 13 10 10 3 3 1 1 0 0 4 9 9 14 16 16 16 16 24 24 24 24 27 27 27 27 23 18 16 16 16 11 11 7 3 8 13 13 16 13

#Number of shift templates
4

#Shift templates
#Abbr, Full name, Start, + Minutes,  -Minutes, Length, +Minutes, -Minutes, available days
F Frühschicht 6:0 120 60 480 60 60 *
T Tagschicht 10:0 60 60 480 60 60 *
S Spätschicht 14:0 60 60 480 60 60 *
N Nachtschicht 22:0 60 60 480 60 60 *

#Duties per week: Lower limit, Upper limit
3 5

# Average number of hours per week
 38.5

# Weights about the criteria
#UnderCover:
1

#Overcover:
1

#DutiesPerWeek:
1000

#Shifts:
30

#Fitness of assumed optimal Solution:
# 360

#Optimal Solution:
#Shift Start Length Duties:
# 1:  11:0    420       1  1  1  1  1  2  2
# 2:  9:0    480       1  1  1  1  1  4  4
# 3:  9:30    480       5  5  5  5  5  5  5
# 4:  10:30    540       3  3  3  3  3  5  5
# 5:  13:0    480       4  4  4  4  4  5  4
# 6:  13:30    420       0  0  0  0  0  0  0
# 7:  13:0    450       3  5  5  5  5  4  4
# 8:  15:0    510       4  3  4  4  4  3  3
# 9:  23:0    480       4  4  4  4  4  2  2
# 10:  21:30    510       2  2  2  4  2  2  2
# 11:  22:0    480       4  4  4  0  4  5  5
# 12:  23:0    540       0  0  0  0  0  1  1
# 13:  21:30    450       4  4  4  4  4  3  3
