#MinuteInterval:
15

#DaysPerCycle:
7

#FlagCyclical: yes or no
yes

#Requirements:
0 0 0 0 0 0 0 0 0 0 0 0 0 0 0 0 0 0 0 0 0 0 0 0 0 0 0 0 3 3 3 3 8 8 8 8 8 8 9 9 9 9 9 14 14 14 14 14 14 14 14 14 14 14 14 14 16 16 16 16 20 20 20 20 20 20 20 20 14 14 14 9 9 9 9 9 9 9 9 9 9 9 9 9 9 9 9 9 0 0 0 0 0 0 0 0 0 0 0 0 0 0 0 0 0 0 0 0 0 0 0 0 0 0 0 0 0 0 0 0 4 4 4 4 7 7 7 7 12 12 12 12 12 12 13 13 13 13 13 18 18 18 18 18 18 18 18 18 18 18 18 18 20 20 16 16 20 20 20 20 20 20 20 20 14 14 14 9 9 9 9 9 9 9 9 9 9 9 9 9 9 9 9 9 0 0 0 0 0 0 0 0 0 0 0 0 0 0 0 0 0 0 0 0 0 0 0 0 0 0 0 0 0 0 0 0 4 4 4 4 7 7 7 7 12 12 12 12 12 12 13 13 13 13 13 18 18 18 18 18 18 18 18 18 18 18 18 18 20 20 16 16 20 20 20 20 20 20 20 20 14 14 14 9 9 9 9 9 9 9 9 9 9 9 9 9 9 9 9 9 0 0 0 0 0 0 0 0 0 0 0 0 0 0 0 0 0 0 0 0 0 0 0 0 0 0 0 0 0 0 0 0 4 4 4 4 9 9 9 9 14 14 14 14 14 14 15 15 15 15 15 20 20 20 20 20 20 20 20 20 20 20 20 20 20 20 16 16 20 20 20 20 20 20 20 20 14 14 14 9 9 9 9 9 9 9 9 9 9 9 9 9 9 9 9 9 0 0 0 0 0 0 0 0 0 0 0 0 0 0 0 0 0 0 0 0 0 0 0 0 0 0 0 0 0 0 0 0 4 4 4 4 7 7 7 7 12 12 12 12 12 12 13 13 13 13 13 18 18 18 18 18 18 18 18 18 18 18 18 18 20 20 16 16 20 20 20 20 20 20 20 20 14 14 14 9 9 9 9 9 9 9 9 9 9 9 9 9 9 9 9 9 0 0 0 0 0 0 0 0 0 0 0 0 0 0 0 0 0 0 0 0 0 0 0 0 0 0 0 0 0 0 0 0 0 0 0 0 2 2 2 2 2 2 2 2 2 2 7 7 7 7 7 12 12 12 12 12 12 12 12 12 12 12 12 12 15 15 15 15 19 19 19 19 19 19 19 19 14 14 14 9 9 9 9 9 9 9 9 9 9 9 9 9 9 9 9 9 0 0 0 0 0 0 0 0 0 0 0 0 0 0 0 0 0 0 0 0 0 0 0 0 0 0 0 0 0 0 0 0 4 4 4 4 6 6 6 6 9 9 9 9 9 9 14 14 14 14 14 19 19 19 19 19 19 19 19 19 19 19 19 19 19 19 15 15 19 19 19 19 19 19 19 19 11 11 11 6 6 6 6 6 6 6 6 6 6 6 6 6 6 6 6 6 0 0 0 0 0 0 0 0

#Number of shift templates
4

#Shift templates
#Abbr, Full name, Start, + Minutes,  -Minutes, Length, +Minutes, -Minutes, available days
F Frühschicht 6:0 120 60 480 60 60 *
T Tagschicht 10:0 60 60 480 60 60 *
S Spätschicht 14:0 60 60 480 60 60 *
N Nachtschicht 22:0 60 60 480 60 60 *

#Duties per week: Lower limit, Upper limit
3 5

# Average number of hours per week
 38.5

# Weights about the criteria
#UnderCover:
1

#Overcover:
1

#DutiesPerWeek:
1000

#Shifts:
15

#Fitness of assumed optimal Solution:
# 105

#Optimal Solution:
#Shift Start Length Duties:
# 1:  6:0    510       0  4  4  4  4  0  4
# 2:  8:0    540       5  5  5  5  5  0  3
# 3:  7:0    420       3  3  3  5  3  2  2
# 4:  10:45    420       5  5  5  5  5  5  5
# 5:  9:30    450       1  1  1  1  1  5  5
# 6:  15:0    420       4  4  4  4  4  4  4
# 7:  14:0    480       5  5  5  5  5  5  2
