#MinuteInterval:
30

#DaysPerCycle:
7

#FlagCyclical: yes or no
yes

#Requirements:
10 10 10 10 10 10 10 10 10 10 11 10 11 11 7 7 7 7 17 21 21 21 24 24 24 20 19 20 24 24 24 24 24 20 20 15 7 7 7 7 7 7 11 9 6 7 8 8 8 8 8 8 8 8 8 8 8 8 13 12 12 12 11 11 11 11 19 23 23 23 26 26 26 22 17 18 23 23 23 23 23 19 19 16 8 8 8 8 8 8 12 10 6 7 8 8 8 8 8 8 8 8 8 8 8 8 9 8 8 8 7 7 7 7 15 19 19 19 22 22 22 18 17 18 22 22 22 22 22 18 18 15 7 7 7 7 7 7 11 9 6 7 8 8 8 8 8 8 8 8 8 8 8 8 9 8 8 8 7 7 7 7 10 14 14 14 22 22 22 18 17 18 20 23 23 23 23 19 19 16 13 8 8 8 8 8 12 10 9 10 11 8 8 8 8 8 8 8 8 8 8 8 9 8 8 8 7 7 7 7 15 19 19 19 22 22 22 18 17 18 24 24 24 24 24 20 20 17 9 9 9 9 9 9 13 11 6 7 8 8 8 8 8 8 8 8 8 8 8 8 11 10 12 12 11 11 11 11 17 19 19 19 27 27 27 23 20 17 20 20 20 20 20 18 18 15 9 4 4 4 4 4 7 6 3 3 4 4 4 4 4 4 4 4 4 4 4 4 8 8 11 11 11 11 11 11 16 18 18 18 25 25 25 21 18 18 21 21 21 21 21 19 19 17 12 7 7 7 7 7 11 8 5 9 10 10

#Number of shift templates
4

#Shift templates
#Abbr, Full name, Start, + Minutes,  -Minutes, Length, +Minutes, -Minutes, available days
F Frühschicht 6:0 120 60 480 60 60 *
T Tagschicht 10:0 60 60 480 60 60 *
S Spätschicht 14:0 60 60 480 60 60 *
N Nachtschicht 22:0 60 60 480 60 60 *

#Duties per week: Lower limit, Upper limit
3 5

# Average number of hours per week
 38.5

# Weights about the criteria
#UnderCover:
1

#Overcover:
1

#DutiesPerWeek:
1000

#Shifts:
30

#Fitness of assumed optimal Solution:
# 480

#Optimal Solution:
#Shift Start Length Duties:
# 1:  6:0    450       2  2  2  2  2  4  4
# 2:  5:0    450       4  4  4  4  4  4  4
# 3:  5:0    480       1  5  1  1  1  3  3
# 4:  6:0    480       0  0  0  0  0  0  0
# 5:  9:0    540       5  5  5  0  5  3  3
# 6:  9:30    420       4  4  4  4  4  2  2
# 7:  11:0    450       0  0  0  5  0  5  5
# 8:  9:0    510       5  3  3  3  3  3  2
# 9:  11:0    420       3  3  3  3  3  3  2
# 10:  14:0    540       1  1  1  1  1  0  0
# 11:  13:30    480       3  3  3  3  3  1  4
# 12:  14:0    480       3  4  3  1  5  3  3
# 13:  14:30    540       0  0  0  3  0  0  0
# 14:  21:0    480       4  4  4  4  4  3  4
# 15:  23:0    420       2  2  2  2  2  1  1
# 16:  21:30    480       1  1  1  1  1  0  1
# 17:  22:30    510       1  1  1  1  1  0  4
