#MinuteInterval:
15

#DaysPerCycle:
7

#FlagCyclical: yes or no
yes

#Requirements:
10 10 10 10 10 10 10 10 10 10 10 10 10 10 10 10 10 10 6 6 6 8 9 9 9 8 8 12 12 12 12 12 12 12 12 12 17 18 19 24 24 24 27 27 27 27 27 27 27 23 23 23 28 28 28 28 24 24 20 20 20 20 20 20 20 20 20 20 19 14 14 14 11 6 5 5 5 5 5 5 5 5 2 2 3 1 5 5 8 12 12 12 12 12 12 12 12 12 12 12 12 12 12 12 12 12 12 12 12 12 12 12 12 12 11 11 11 8 9 9 9 8 8 12 12 12 12 12 12 12 12 12 17 18 21 26 26 26 29 29 29 29 29 29 29 25 25 25 30 30 30 30 26 26 22 22 22 22 22 22 22 22 22 22 21 16 16 16 13 8 5 5 5 5 5 5 5 5 2 2 3 1 5 5 8 12 12 12 12 12 12 12 12 12 12 12 12 12 12 12 12 12 12 12 12 12 12 12 12 12 11 11 11 8 12 12 12 11 11 15 15 15 15 15 15 15 15 15 20 21 22 27 27 27 30 30 30 30 30 30 30 26 26 26 31 31 31 31 24 24 20 20 20 20 20 20 20 20 20 20 19 14 14 14 11 6 5 5 5 5 5 5 5 5 2 2 3 1 5 5 6 10 10 10 10 10 10 10 10 10 10 10 10 10 10 10 10 10 10 10 10 10 10 10 10 10 9 9 9 8 9 9 9 8 8 12 12 12 12 12 12 12 12 12 17 18 19 24 24 24 27 27 27 27 27 27 27 23 23 23 28 28 28 28 24 24 20 20 20 20 20 20 20 20 20 20 19 14 14 14 11 6 5 5 5 5 5 5 5 5 2 2 3 1 5 5 8 12 12 12 12 12 12 12 12 12 12 12 12 12 12 12 12 12 12 12 12 12 12 12 12 12 11 11 11 8 9 9 9 8 8 12 12 12 12 12 12 12 12 12 17 18 19 24 24 24 27 27 27 27 27 27 27 23 23 23 28 28 28 28 24 24 20 20 20 20 20 20 20 20 20 20 19 14 14 14 11 6 5 5 5 5 5 5 5 5 2 2 3 1 5 5 8 10 10 10 10 10 10 10 10 10 10 10 10 10 10 10 10 10 10 10 10 10 10 10 10 10 9 9 9 8 8 8 8 5 5 8 8 8 8 8 8 8 8 8 9 14 16 20 20 20 25 25 25 25 25 25 25 21 21 21 28 28 28 28 27 30 27 27 27 27 27 27 27 27 27 27 22 21 21 21 16 12 10 10 10 10 10 10 10 10 5 5 9 7 11 11 12 13 10 10 10 10 10 10 10 10 10 10 10 10 10 10 10 10 10 10 10 10 10 10 10 10 6 6 6 8 8 8 8 5 5 8 8 8 8 8 8 8 8 8 9 14 18 21 21 21 26 26 26 26 26 26 26 22 22 22 29 29 29 29 28 31 28 33 33 33 33 33 33 33 33 33 28 27 27 27 22 19 15 15 15 15 15 15 15 15 10 10 14 12 16 16 17 18 15 10 10 10 10 10

#Number of shift templates
4

#Shift templates
#Abbr, Full name, Start, + Minutes,  -Minutes, Length, +Minutes, -Minutes, available days
F Frühschicht 6:0 120 60 480 60 60 *
T Tagschicht 10:0 60 60 480 60 60 *
S Spätschicht 14:0 60 60 480 60 60 *
N Nachtschicht 22:0 60 60 480 60 60 *

#Duties per week: Lower limit, Upper limit
3 5

# Average number of hours per week
 38.5

# Weights about the criteria
#UnderCover:
1

#Overcover:
1

#DutiesPerWeek:
1000

#Shifts:
15

#Fitness of assumed optimal Solution:
# 255

#Optimal Solution:
#Shift Start Length Duties:
# 1:  5:30    510       1  1  4  1  1  0  0
# 2:  6:45    465       4  4  4  4  4  3  3
# 3:  6:15    465       3  3  3  3  3  1  1
# 4:  5:15    420       4  4  4  4  4  4  4
# 5:  9:30    540       1  3  1  1  1  2  4
# 6:  9:15    465       1  1  1  1  1  5  5
# 7:  10:30    450       3  3  3  3  3  5  5
# 8:  9:0    495       5  5  5  5  5  1  1
# 9:  9:45    510       5  5  5  5  5  4  3
# 10:  13:0    495       2  2  2  2  2  2  2
# 11:  14:15    495       0  0  0  0  0  3  3
# 12:  13:0    450       3  3  3  3  3  5  5
# 13:  14:45    480       0  0  0  0  0  0  5
# 14:  22:15    420       4  4  4  4  2  1  1
# 15:  22:0    435       3  3  1  3  3  1  1
# 16:  21:0    450       1  1  1  1  1  4  4
# 17:  21:15    495       0  0  0  0  0  0  0
# 18:  21:30    525       4  4  4  4  4  4  4
