#MinuteInterval:
15

#DaysPerCycle:
7

#FlagCyclical: yes or no
yes

#Requirements:
4 4 4 4 4 4 4 4 4 4 4 4 4 4 4 4 4 4 4 3 2 2 2 7 7 7 8 8 8 8 8 8 8 8 8 8 8 8 12 12 14 14 14 19 19 19 19 19 19 19 19 19 19 19 21 20 20 17 17 18 23 23 23 23 23 23 23 23 19 19 19 17 12 12 12 12 12 12 12 12 12 12 12 10 15 20 16 20 20 19 19 14 14 14 14 14 14 14 14 14 14 14 14 14 14 14 14 14 14 14 14 14 14 14 14 5 4 4 4 9 9 9 8 8 8 8 8 8 8 8 8 8 8 8 12 12 14 14 14 19 19 19 19 19 19 19 19 19 19 19 21 17 17 14 14 15 18 18 18 18 18 18 18 18 14 14 14 12 7 7 7 7 7 7 7 7 7 7 7 5 10 15 14 18 18 17 17 14 14 14 14 14 14 14 14 14 14 14 14 14 14 14 14 14 14 14 14 14 14 14 14 5 4 4 4 9 9 9 8 8 8 8 8 8 8 8 8 8 8 8 12 12 14 14 14 19 19 19 19 19 19 19 19 19 19 19 21 20 20 17 17 18 23 23 23 23 23 23 23 23 19 19 19 17 12 12 12 12 12 12 12 12 12 12 12 10 15 20 16 20 20 19 19 14 14 14 14 14 14 14 14 14 14 14 14 14 14 14 14 14 14 14 14 14 14 14 14 5 4 4 4 9 9 9 8 8 8 8 8 8 8 8 8 8 8 8 16 16 18 18 18 23 23 23 23 23 23 23 23 23 23 23 28 27 27 24 24 25 30 30 30 30 30 30 30 30 26 22 22 20 15 15 15 15 15 15 15 15 15 15 15 10 15 20 16 20 20 19 19 14 14 14 14 14 14 14 14 14 14 14 14 14 14 14 14 14 14 14 14 14 14 14 14 5 4 4 4 9 9 9 8 8 8 8 8 8 8 8 8 8 8 8 11 11 13 13 13 18 18 18 18 18 18 18 18 18 18 18 20 19 19 16 16 17 22 22 22 22 22 22 22 22 19 19 19 17 12 12 12 12 12 12 12 12 12 12 12 10 15 18 14 18 18 17 17 12 12 12 12 12 12 12 12 12 12 12 12 12 12 12 12 12 12 12 12 12 12 12 12 5 4 4 4 6 6 6 2 2 2 2 2 2 2 2 2 2 2 2 3 3 6 6 6 10 10 10 10 10 10 10 10 10 10 10 12 13 13 13 13 13 18 18 18 18 18 18 18 18 17 17 17 14 10 10 10 10 10 10 10 10 10 10 10 8 12 13 10 12 12 12 12 7 7 7 7 7 7 7 7 7 7 7 7 7 7 7 7 7 7 7 7 7 7 7 7 3 2 2 2 4 4 4 4 4 4 4 4 4 4 4 4 4 4 4 8 8 11 11 11 12 12 12 12 12 12 12 12 12 12 12 14 15 15 13 13 13 18 18 18 18 18 18 18 18 14 14 14 11 10 10 10 10 10 10 10 10 10 10 10 8 9 10 7 9 9 9 9 4 4 4 4 4

#Number of shift templates
4

#Shift templates
#Abbr, Full name, Start, + Minutes,  -Minutes, Length, +Minutes, -Minutes, available days
F Frühschicht 6:0 120 60 480 60 60 *
T Tagschicht 10:0 60 60 480 60 60 *
S Spätschicht 14:0 60 60 480 60 60 *
N Nachtschicht 22:0 60 60 480 60 60 *

#Duties per week: Lower limit, Upper limit
3 5

# Average number of hours per week
 38.5

# Weights about the criteria
#UnderCover:
1

#Overcover:
1

#DutiesPerWeek:
1000

#Shifts:
15

#Fitness of assumed optimal Solution:
# 210

#Optimal Solution:
#Shift Start Length Duties:
# 1:  5:45    480       5  5  5  5  5  2  2
# 2:  6:30    465       3  3  3  3  3  0  2
# 3:  10:45    435       5  5  5  5  5  4  1
# 4:  10:0    465       2  2  2  2  2  3  3
# 5:  9:30    450       4  4  4  4  3  1  4
# 6:  9:30    465       0  0  0  4  0  0  0
# 7:  13:45    465       4  1  4  4  4  3  3
# 8:  14:45    450       1  1  1  1  1  0  0
# 9:  13:30    435       2  2  2  5  2  2  2
# 10:  15:0    465       5  3  5  5  5  5  5
# 11:  21:45    525       4  4  4  4  4  2  2
# 12:  21:0    465       4  4  4  4  4  3  0
# 13:  21:0    480       1  1  1  1  1  1  1
# 14:  21:15    450       5  5  5  5  3  1  1
