#MinuteInterval:
15

#DaysPerCycle:
7

#FlagCyclical: yes or no
yes

#Requirements:
0 0 0 0 0 0 0 0 0 0 0 0 0 0 0 0 0 0 0 0 0 0 0 5 5 5 5 5 5 5 9 12 12 12 12 12 14 23 26 26 26 26 26 29 29 29 29 29 29 29 29 29 29 29 29 29 29 29 24 21 21 21 21 21 21 21 17 17 17 14 12 5 5 0 0 0 0 0 0 0 0 0 0 0 0 0 0 0 0 0 0 0 0 0 0 0 0 0 0 0 0 0 0 0 0 0 0 0 0 0 0 0 0 0 0 0 0 0 0 5 5 5 5 5 5 5 9 12 12 12 12 12 14 23 26 26 26 26 26 29 29 29 29 29 29 29 29 29 29 29 29 29 29 29 24 21 21 21 21 21 21 21 17 17 17 14 12 5 5 0 0 0 0 0 0 0 0 0 0 0 0 0 0 0 0 0 0 0 0 0 0 0 0 0 0 0 0 0 0 0 0 0 0 0 0 0 0 0 0 0 0 0 0 0 0 5 5 5 5 5 5 5 9 12 12 12 12 12 14 23 26 26 26 26 26 29 29 29 29 29 29 29 29 29 29 29 29 29 29 29 24 21 21 21 21 21 21 21 17 17 17 14 12 5 5 0 0 0 0 0 0 0 0 0 0 0 0 0 0 0 0 0 0 0 0 0 0 0 0 0 0 0 0 0 0 0 0 0 0 0 0 0 0 0 0 0 0 0 0 0 0 5 5 5 5 5 5 5 9 11 11 11 11 11 13 20 23 23 23 23 23 26 26 26 26 26 26 26 26 26 26 26 26 26 26 26 21 19 19 19 19 19 19 19 15 15 15 12 10 5 5 0 0 0 0 0 0 0 0 0 0 0 0 0 0 0 0 0 0 0 0 0 0 0 0 0 0 0 0 0 0 0 0 0 0 0 0 0 0 0 0 0 0 0 0 0 0 0 0 0 0 0 0 0 4 7 7 7 7 7 9 18 21 21 21 21 21 24 24 24 24 24 24 24 24 24 24 24 24 24 24 24 24 21 21 21 21 21 21 21 17 17 17 14 12 5 5 0 0 0 0 0 0 0 0 0 0 0 0 0 0 0 0 0 0 0 0 0 0 0 0 0 0 0 0 0 0 0 0 0 0 0 0 0 0 0 0 0 0 0 0 0 0 5 5 5 5 5 5 5 9 12 12 12 12 12 14 20 24 24 24 24 24 27 27 27 27 27 27 27 27 27 27 27 27 27 27 27 22 19 19 19 19 19 19 19 15 15 15 11 9 5 5 0 0 0 0 0 0 0 0 0 0 0 0 0 0 0 0 0 0 0 0 0 0 0 0 0 0 0 0 0 0 0 0 0 0 0 0 0 0 0 0 0 0 0 0 0 0 5 5 5 5 5 5 5 9 14 14 14 14 14 16 22 25 25 25 25 25 28 28 28 28 28 28 28 28 28 28 28 28 28 28 28 23 18 18 18 18 18 18 18 14 14 14 11 9 5 5 0 0 0 0 0 0 0 0 0 0 0 0 0 0 0 0 0 0 0 0 0 0 0

#Number of shift templates
4

#Shift templates
#Abbr, Full name, Start, + Minutes,  -Minutes, Length, +Minutes, -Minutes, available days
F Frühschicht 6:0 120 60 480 60 60 *
T Tagschicht 10:0 60 60 480 60 60 *
S Spätschicht 14:0 60 60 480 60 60 *
N Nachtschicht 22:0 60 60 480 60 60 *

#Duties per week: Lower limit, Upper limit
3 5

# Average number of hours per week
 38.5

# Weights about the criteria
#UnderCover:
1

#Overcover:
1

#DutiesPerWeek:
1000

#Shifts:
15

#Fitness of assumed optimal Solution:
# 120

#Optimal Solution:
#Shift Start Length Duties:
# 1:  7:30    540       4  4  4  4  4  4  4
# 2:  7:45    420       3  3  3  2  3  3  5
# 3:  5:45    525       5  5  5  5  0  5  5
# 4:  10:45    420       3  3  3  3  3  3  3
# 5:  9:0    510       2  2  2  2  2  2  2
# 6:  9:15    540       5  5  5  5  5  5  5
# 7:  9:15    510       4  4  4  2  4  1  1
# 8:  9:30    465       3  3  3  3  3  4  3
