#MinuteInterval:
15

#DaysPerCycle:
7

#FlagCyclical: yes or no
yes

#Requirements:
13 13 13 13 13 13 13 13 13 13 13 13 13 13 13 13 13 9 9 9 9 9 9 9 9 9 6 4 4 4 0 0 0 0 0 0 5 5 5 8 8 8 8 8 12 12 12 12 12 12 12 12 12 13 17 17 17 20 20 20 22 22 22 22 22 22 22 22 22 22 22 17 17 15 15 12 12 12 12 12 10 10 10 9 9 9 9 13 13 15 12 17 16 16 15 15 15 15 15 15 15 15 15 15 15 15 15 15 15 15 15 15 15 11 11 11 11 11 11 11 11 11 7 5 5 5 0 0 4 4 4 4 9 9 9 12 12 12 12 12 16 16 16 16 16 16 16 16 16 17 21 21 21 24 24 24 26 26 26 26 26 26 22 22 22 22 22 17 17 15 15 12 12 12 12 12 10 10 10 9 9 9 9 13 13 15 12 17 16 16 15 15 15 15 15 15 15 15 15 15 15 15 15 15 15 15 15 15 15 11 11 11 11 11 11 11 11 11 7 5 5 5 0 0 0 0 0 0 0 0 0 3 3 3 3 3 7 7 7 7 7 7 7 7 7 8 12 12 12 15 15 15 17 17 17 17 17 17 17 17 17 17 17 17 17 15 15 12 12 12 12 12 10 10 10 9 9 9 9 13 13 14 11 16 15 15 14 14 14 14 14 14 14 14 14 14 14 14 14 14 14 14 14 14 14 10 10 10 10 10 10 10 10 10 6 5 5 5 0 0 0 0 0 0 5 5 5 8 8 8 8 8 11 11 11 11 11 11 11 11 11 12 16 16 16 19 19 19 21 21 21 21 21 21 21 21 21 21 21 16 16 15 15 12 12 12 12 12 10 10 10 9 9 9 9 13 13 15 12 17 16 16 15 15 15 15 15 15 15 15 15 15 15 15 15 15 15 15 15 15 15 11 11 11 11 11 11 11 11 11 7 5 5 5 0 0 0 0 0 0 5 5 5 8 8 8 8 8 15 15 15 15 15 15 15 15 15 16 20 20 20 23 23 23 25 25 25 25 25 25 25 25 25 25 25 20 20 18 18 15 15 15 15 15 10 10 10 9 9 9 9 13 13 15 12 17 16 16 15 15 15 15 15 15 15 15 15 15 15 15 15 15 15 15 15 15 15 11 11 11 11 11 11 11 11 11 7 5 5 5 0 3 3 3 3 3 8 8 11 14 14 14 14 14 20 20 20 20 20 20 20 20 20 21 26 26 26 31 31 31 35 35 35 35 35 35 35 32 32 32 32 24 24 20 20 17 17 17 17 17 15 15 15 14 13 13 13 16 16 20 15 19 15 15 15 15 15 15 15 15 15 15 15 15 15 15 15 15 15 15 15 15 15 11 11 11 11 11 11 11 11 11 8 4 4 4 0 3 3 3 3 3 8 8 11 14 14 14 14 14 20 20 20 20 20 20 20 20 20 23 28 28 28 33 33 33 37 37 37 37 37 37 37 34 34 34 34 26 26 22 22 19 19 19 19 19 17 17 17 14 13 13 13 16 16 18 13 17 13 13 13 13

#Number of shift templates
4

#Shift templates
#Abbr, Full name, Start, + Minutes,  -Minutes, Length, +Minutes, -Minutes, available days
F Frühschicht 6:0 120 60 480 60 60 *
T Tagschicht 10:0 60 60 480 60 60 *
S Spätschicht 14:0 60 60 480 60 60 *
N Nachtschicht 22:0 60 60 480 60 60 *

#Duties per week: Lower limit, Upper limit
3 5

# Average number of hours per week
 38.5

# Weights about the criteria
#UnderCover:
1

#Overcover:
1

#DutiesPerWeek:
1000

#Shifts:
15

#Fitness of assumed optimal Solution:
# 240

#Optimal Solution:
#Shift Start Length Duties:
# 1:  7:45    540       0  0  0  0  0  3  3
# 2:  8:0    510       0  4  0  0  0  0  0
# 3:  9:45    540       3  3  3  3  3  3  3
# 4:  11:0    435       2  2  2  1  2  4  4
# 5:  11:0    540       2  2  2  2  5  2  2
# 6:  9:0    525       5  5  0  5  5  5  5
# 7:  9:30    495       0  0  0  0  0  3  3
# 8:  14:15    495       3  3  3  3  3  5  5
# 9:  15:0    510       1  1  1  1  1  0  0
# 10:  15:0    480       1  1  1  1  1  4  4
# 11:  13:15    450       1  1  1  1  1  1  3
# 12:  13:30    450       4  4  4  4  4  5  5
# 13:  22:45    525       5  5  5  5  5  4  4
# 14:  22:15    510       2  2  1  2  2  4  2
# 15:  21:0    435       4  4  4  4  4  4  4
# 16:  21:45    525       4  4  4  4  4  3  3
