#Derived from random example Random1-5.txt in set 1

MinuteInterval: 5

DaysPerCycle: 7

# cyclical ...
FlagCyclical: yes

No_shift_types: 4


#Break Constraints:
Break_Length: 00:10 01:00
# Break_Length_After_Long_Work_Period: <min_long_break_length> <work duration_requiring_long_break>
Break_Length_After_Long_Work_Period: 00:20 00:50
Break_distance_to_shift_start_and_end: 00:30 00:30
Working_Period_Length: 00:30 01:40
#Lunch Breaks: min shift length requiring lunch, lunch break length, earliest start, latest start
Lunch_Breaks: 06:00 00:30 3:30 05:30


Shift_types:
#Abbr, Full name, Start, + Minutes,  -Minutes, Length, +Minutes, -Minutes
F Earlyshift 06:00 02:00 01:00 08:00 01:00 01:00
T Dayshift 10:00 01:00 01:00 08:00 01:00 01:00
S Lateshift 14:00 01:00 01:00 08:00 01:00 01:00
N Nightshift 22:00 01:00 01:00 08:00 01:00 01:00


#F Earlyshift 06:00 120 60 480 60 60
#T Dayshift 10:00 60 60 480 60 60
#S Lateshift 14:00 60 60 480 60 60
#N Nightshift 22:00 60 60 480 60 60


#Constraint Weights
#CONSTRAINT                     WEIGHT
#------------------------------------------
#BREAK POSITIONS                H
#LUNCH BREAKS                   10 (no of slots of mispacement)
#LENGTH OF WORKING PERIODS      H
#MINIMUM BREAK TIMES            H
#BREAK LENGTHS                  1 (no of slots exceding/below the max/min length)
#NUMBER OF SHIFTS               60
#SHORTAGE                       10
#EXCESS                         2


#Staffing requirements can be expressed in compact way (not one slot at the time)
Staffing_Requirements:
00:00 00:05 0 0 4 3 3 3 0
00:05 00:10 0 4 5 4 4 4 0
00:10 00:20 0 4 5 4 3 4 0
00:20 00:25 0 4 4 4 2 3 0
00:25 00:30 0 4 2 4 3 2 0
00:30 00:35 0 2 2 2 2 2 0
00:35 00:40 0 2 2 1 3 1 0
00:40 00:45 0 1 4 1 2 2 0
00:45 00:50 0 3 3 2 3 2 0
00:50 00:55 0 2 4 3 2 4 0
00:55 01:00 0 3 4 3 3 4 0
01:00 01:05 0 3 5 4 3 4 0
01:05 01:10 0 4 5 4 4 4 0
01:10 01:15 0 3 5 4 4 4 0
01:15 01:20 0 3 3 2 4 3 0
01:20 01:25 0 2 3 2 4 2 0
01:25 01:30 0 3 3 2 3 2 0
01:30 01:35 0 3 5 3 2 2 0
01:35 01:40 0 4 4 3 1 3 0
01:40 01:45 0 3 4 3 2 2 0
01:45 01:50 0 2 4 4 2 3 0
01:50 01:55 0 2 5 4 3 3 0
01:55 02:05 0 3 5 4 3 3 0
02:05 02:10 0 3 5 4 4 3 0
02:10 02:15 0 3 4 4 4 3 0
02:15 02:20 0 3 3 4 4 4 0
02:20 02:30 0 4 3 3 4 4 0
02:30 02:35 0 4 3 2 3 3 0
02:35 02:40 0 4 1 1 3 3 0
02:40 02:45 0 3 1 0 3 3 0
02:45 02:50 0 3 1 0 2 2 0
02:50 02:55 0 3 2 0 1 2 0
02:55 03:05 0 2 2 1 1 1 0
03:05 03:10 0 1 2 2 2 2 0
03:10 03:15 0 1 4 3 2 3 0
03:15 03:20 0 2 3 4 2 3 0
03:20 03:25 0 3 3 4 3 3 0
03:25 03:30 0 2 3 4 3 3 0
03:30 03:35 0 3 4 4 3 2 0
03:35 03:40 0 3 5 1 2 2 0
03:40 03:45 0 3 3 1 3 2 0
03:45 03:50 0 3 2 1 2 3 0
03:50 03:55 0 3 2 4 2 3 0
03:55 04:00 0 2 4 3 2 3 0
04:00 04:05 0 2 5 3 3 3 0
04:05 04:10 0 1 5 3 4 2 0
04:10 04:15 0 2 4 4 4 2 0
04:15 04:20 0 3 3 3 4 2 0
04:20 04:25 0 4 3 3 3 3 0
04:25 04:30 0 4 4 2 1 3 0
04:30 04:35 0 4 4 3 1 3 0
04:35 04:40 0 3 2 2 2 3 0
04:40 04:45 0 1 2 2 3 4 0
04:45 04:50 0 1 3 2 3 3 0
04:50 04:55 0 2 4 3 3 3 0
04:55 05:00 0 4 3 4 4 3 0
05:00 05:05 4 7 7 8 8 7 4
05:05 05:10 4 7 8 8 8 7 4
05:10 05:15 4 7 9 7 7 5 4
05:15 05:20 4 8 9 5 7 6 4
05:20 05:25 4 8 9 5 6 6 4
05:25 05:30 4 7 9 5 7 8 4
05:30 05:35 4 7 5 6 6 6 2
05:35 05:40 4 4 5 6 6 6 1
05:40 05:45 3 4 5 6 4 5 1
05:45 05:50 1 3 8 6 5 6 2
05:50 05:55 0 5 6 5 5 6 3
05:55 06:00 1 6 6 6 7 6 3
06:00 06:05 3 6 5 6 6 6 4
06:05 06:10 4 7 7 7 7 6 4
06:10 06:15 4 6 7 7 6 6 3
06:15 06:20 4 6 7 6 6 6 3
06:20 06:25 4 6 7 6 4 6 3
06:25 06:30 4 6 6 6 5 4 4
06:30 06:35 3 6 6 7 5 3 2
06:35 06:40 1 4 6 7 6 3 1
06:40 06:45 0 5 6 6 5 6 1
06:45 06:50 1 5 6 4 5 7 3
06:50 06:55 3 6 4 4 6 7 4
06:55 07:00 4 6 5 5 7 7 4
07:00 07:05 4 3 2 4 3 4 3
07:05 07:10 4 3 4 4 3 4 3
07:10 07:15 4 3 4 3 3 3 3
07:15 07:20 4 3 4 3 3 2 4
07:20 07:25 4 4 4 3 2 2 2
07:25 07:30 3 3 3 3 1 1 1
07:30 07:35 1 3 1 2 2 2 1
07:35 07:40 0 2 1 2 3 2 3
07:40 07:45 1 3 1 3 4 4 4
07:45 07:50 3 2 3 3 4 4 4
07:50 07:55 4 3 3 3 4 4 4
07:55 08:00 4 3 4 3 4 4 4
08:00 08:30 4 4 4 4 4 4 4
08:30 08:35 4 4 2 3 4 4 4
08:35 08:40 4 3 2 3 3 3 4
08:40 08:45 2 2 2 3 2 2 4
08:45 08:50 2 2 1 3 1 1 3
08:50 09:00 2 2 0 3 1 1 2
09:00 09:05 7 6 5 3 6 2 1
09:05 09:10 7 6 7 4 6 1 1
09:10 09:15 7 7 7 3 7 2 1
09:15 09:20 9 8 7 3 7 3 1
09:20 09:25 8 8 8 3 8 4 2
09:25 09:30 7 7 9 3 8 4 3
09:30 09:35 4 6 7 1 6 4 3
09:35 09:40 4 5 5 3 5 3 4
09:40 09:45 3 4 5 3 4 3 4
09:45 09:50 5 4 5 6 5 2 4
09:50 09:55 4 5 6 5 6 3 5
09:55 10:00 6 5 5 5 6 4 4
10:00 10:05 11 11 11 8 12 7 6
10:05 10:10 12 11 11 9 12 6 5
10:10 10:15 10 12 12 9 13 6 5
10:15 10:20 11 12 12 9 13 5 4
10:20 10:25 8 13 12 8 14 5 5
10:25 10:30 10 9 10 7 14 3 6
10:30 10:35 8 6 9 7 9 3 7
10:35 10:40 10 5 6 6 6 3 5
10:40 10:45 10 6 8 6 4 5 4
10:45 10:50 8 9 6 7 8 6 4
10:50 10:55 8 8 10 6 9 6 5
10:55 11:00 8 11 8 7 11 6 4
11:00 11:05 10 11 11 7 12 6 4
11:05 11:10 9 12 10 10 13 7 5
11:10 11:15 8 11 11 9 12 6 6
11:15 11:20 9 9 8 7 10 5 5
11:20 11:25 10 9 8 6 8 3 5
11:25 11:30 8 9 9 6 5 3 6
11:30 11:35 8 7 9 8 5 4 6
11:35 11:40 7 7 8 7 7 4 6
11:40 11:45 10 6 7 6 11 5 4
11:45 11:50 11 10 10 5 13 5 4
11:50 11:55 13 11 11 7 14 7 3
11:55 12:00 13 13 12 9 13 7 5
12:00 12:05 13 13 11 9 12 7 6
12:05 12:10 11 13 12 8 12 7 6
12:10 12:15 9 11 11 7 12 7 6
12:15 12:20 8 11 12 7 13 7 6
12:20 12:25 9 9 12 8 11 5 7
12:25 12:30 11 11 13 9 11 4 7
12:30 12:35 10 10 11 10 11 4 6
12:35 12:40 11 12 11 8 11 6 6
12:40 12:45 10 12 9 8 11 7 5
12:45 12:50 9 12 10 7 10 7 6
12:50 12:55 8 12 9 8 10 7 6
12:55 13:00 8 10 9 8 9 7 6
13:00 13:05 4 5 5 4 5 2 2
13:05 13:10 6 4 5 4 5 2 2
13:10 13:15 6 4 5 4 6 2 2
13:15 13:20 7 4 6 4 7 2 2
13:20 13:25 8 5 6 5 8 2 2
13:25 13:30 9 5 7 6 9 2 2
13:30 13:35 8 7 6 5 10 2 3
13:35 13:40 7 7 5 5 10 3 3
13:40 13:45 7 8 6 4 9 3 3
13:45 13:50 6 7 7 4 7 3 3
13:50 13:55 5 7 7 3 7 3 2
13:55 14:00 4 7 6 1 4 3 2
14:00 14:05 7 11 9 5 5 6 7
14:05 14:10 8 10 9 7 5 6 7
14:10 14:15 8 8 10 7 6 6 6
14:15 14:20 9 6 10 8 10 6 5
14:20 14:25 9 7 9 8 11 5 5
14:25 14:30 10 8 10 8 10 5 7
14:30 14:35 9 9 7 8 12 3 5
14:35 14:40 9 10 8 6 12 5 4
14:40 14:45 8 10 5 5 11 5 3
14:45 14:50 10 9 7 6 8 6 5
14:50 14:55 10 7 7 6 8 6 4
14:55 15:00 8 7 9 7 9 6 5
15:00 15:05 8 10 11 8 10 9 9
15:05 15:10 9 13 12 10 10 10 12
15:10 15:15 12 12 14 9 10 9 12
15:15 15:20 12 11 9 9 12 10 11
15:20 15:25 11 8 9 9 11 9 11
15:25 15:30 9 9 7 10 12 9 9
15:30 15:35 9 8 11 7 12 10 5
15:35 15:40 9 9 8 6 12 10 2
15:40 15:45 9 9 9 5 8 6 4
15:45 15:50 10 10 10 7 8 5 9
15:50 15:55 10 9 12 6 9 5 11
15:55 16:00 11 10 10 7 11 8 11
16:00 16:05 10 11 10 9 11 8 11
16:05 16:10 11 13 11 10 10 9 12
16:10 16:15 11 12 13 10 12 11 10
16:15 16:20 12 11 13 9 13 11 9
16:20 16:25 11 11 9 9 14 10 9
16:25 16:30 11 11 10 9 14 10 8
16:30 16:35 11 10 10 8 13 8 6
16:35 16:40 13 10 14 9 13 7 6
16:40 16:45 14 11 14 9 13 7 8
16:45 16:50 14 13 14 10 14 10 11
16:50 16:55 14 14 14 10 15 12 11
16:55 17:00 14 14 14 10 15 12 12
17:00 17:05 5 5 5 5 4 9 9
17:05 17:10 4 4 4 5 4 9 9
17:10 17:15 4 4 4 5 4 8 9
17:15 17:20 4 4 4 5 5 7 8
17:20 17:30 5 5 5 5 5 6 7
17:30 17:35 5 5 3 4 5 6 4
17:35 17:40 5 4 3 3 4 5 5
17:40 17:45 5 4 3 3 4 6 5
17:45 17:50 4 2 2 4 4 6 6
17:50 17:55 3 1 1 4 3 6 6
17:55 18:00 2 1 1 1 1 6 5
18:00 18:05 1 1 1 1 1 5 5
18:05 18:10 1 1 3 1 1 5 7
18:10 18:20 1 2 3 2 2 7 6
18:20 18:25 2 4 4 2 2 7 7
18:25 18:30 3 5 5 2 3 7 7
18:30 18:35 4 4 4 5 5 4 8
18:35 18:40 4 4 4 5 3 5 5
18:40 18:45 4 4 4 5 3 6 5
18:45 18:50 4 2 3 4 3 5 6
18:50 18:55 4 1 2 4 4 3 8
18:55 19:00 2 1 2 2 3 3 5
19:00 19:05 2 3 2 3 2 2 4
19:05 19:10 1 4 3 2 2 7 3
19:10 19:15 4 4 3 3 3 6 5
19:15 19:20 3 4 4 2 4 7 5
19:20 19:25 4 5 5 3 4 7 6
19:25 19:30 4 5 4 3 5 8 6
19:30 19:35 5 5 4 5 5 8 7
19:35 19:40 5 3 3 5 3 8 6
19:40 19:45 5 2 3 4 2 7 6
19:45 19:50 4 1 2 4 1 6 6
19:50 19:55 3 3 3 3 2 4 7
19:55 20:00 2 4 4 2 3 5 6
20:00 20:05 1 4 4 2 4 5 7
20:05 20:10 2 4 4 3 5 7 8
20:10 20:15 3 4 4 5 5 6 8
20:15 20:20 5 4 5 4 5 7 5
20:20 20:25 5 4 5 4 5 7 4
20:25 20:30 5 4 5 4 5 8 5
20:30 20:35 4 5 3 5 3 8 8
20:35 20:45 4 5 3 4 3 7 8
20:45 20:50 5 5 5 3 5 7 8
20:50 20:55 4 4 5 4 5 7 9
20:55 21:00 4 4 5 4 5 6 8
21:00 21:05 1 1 2 2 2 3 3
21:05 21:10 2 2 2 2 2 5 2
21:10 21:15 2 1 1 2 2 6 3
21:15 21:20 1 1 1 2 2 5 4
21:20 21:25 1 1 0 2 2 4 5
21:25 21:30 1 2 1 2 1 3 4
21:30 21:35 2 2 1 2 0 3 5
21:35 21:40 1 2 2 1 0 4 5
21:40 21:45 1 2 2 0 1 3 6
21:45 21:50 1 1 2 0 2 4 6
21:50 21:55 2 1 2 1 2 4 4
21:55 22:00 2 1 2 2 2 6 3
22:00 22:05 3 4 3 3 3 6 2
22:05 22:10 3 4 3 3 3 6 4
22:10 22:15 3 4 3 3 3 6 5
22:15 22:30 3 4 3 3 3 6 6
22:30 22:40 3 3 3 3 3 6 6
22:40 22:45 3 3 3 2 3 6 6
22:45 22:50 3 4 3 2 3 6 6
22:50 22:55 2 3 2 2 2 6 6
22:55 23:00 2 3 2 3 2 6 6
23:00 23:05 3 4 3 4 3 0 0
23:05 23:25 4 5 4 4 4 0 0
23:25 23:30 4 4 4 4 4 0 0
23:30 23:35 4 4 4 3 4 0 0
23:35 23:40 4 3 3 2 2 0 0
23:40 23:45 4 3 3 2 1 0 0
23:45 23:50 4 2 1 2 1 0 0
23:50 23:55 0 2 1 2 2 0 0
23:55 00:00 0 3 1 2 3 0 0
