#MinuteInterval:
15

#DaysPerCycle:
7

#FlagCyclical: yes or no
yes

#Requirements:
8 8 8 8 8 8 8 8 8 8 8 8 8 8 8 8 8 8 8 8 3 8 5 5 5 5 7 7 7 7 7 7 7 7 7 7 7 7 11 11 11 15 17 17 17 17 17 17 17 17 17 17 20 24 24 24 24 22 22 22 20 20 20 20 20 20 20 20 20 20 20 20 16 16 12 12 12 12 10 10 10 10 10 6 6 6 3 3 8 8 8 8 5 5 5 5 5 5 5 5 5 5 5 5 5 5 5 5 5 5 5 5 5 5 5 5 0 5 5 5 5 5 7 7 7 10 10 10 10 10 10 10 10 10 14 14 14 18 23 23 23 23 23 23 23 23 23 23 26 27 27 27 27 25 25 22 20 20 20 20 20 20 20 20 20 20 20 20 16 16 12 12 12 12 7 7 7 7 7 6 6 6 3 3 8 8 8 8 5 5 5 5 5 5 5 5 5 5 5 5 5 5 5 5 5 5 5 5 5 5 5 5 0 5 5 5 5 5 7 7 7 10 10 10 10 10 10 10 10 10 14 15 15 19 24 24 24 24 24 24 24 24 24 24 25 29 29 29 29 27 29 26 24 24 24 24 24 24 24 24 24 23 23 23 19 19 15 15 15 15 10 10 10 10 10 6 6 6 5 5 7 7 7 5 2 2 2 2 2 2 2 2 2 2 2 2 2 2 2 2 2 2 2 2 2 2 2 2 0 5 5 5 5 5 7 7 7 10 10 10 10 10 10 10 10 10 14 14 14 18 23 23 23 23 23 23 23 23 23 23 26 29 29 29 29 27 30 27 25 25 25 25 25 25 25 25 25 25 25 25 21 21 17 17 17 17 12 12 12 12 12 9 9 9 6 6 11 11 11 8 5 5 5 5 5 5 5 5 5 5 5 5 5 5 5 5 5 5 5 5 5 5 5 5 0 5 5 5 5 5 7 7 7 10 10 10 10 10 10 10 10 10 14 14 14 18 23 23 23 23 23 23 23 23 23 23 26 30 30 30 30 28 28 25 23 23 23 23 23 23 23 23 23 23 23 23 19 19 15 15 15 15 10 10 10 10 10 6 6 6 3 3 8 8 8 8 5 5 5 5 5 5 5 5 5 5 5 5 5 5 5 5 5 5 5 5 5 5 5 5 0 4 4 4 4 4 5 5 5 9 9 9 9 9 9 9 9 9 13 14 14 19 24 24 24 24 24 24 24 24 24 24 28 31 31 31 31 29 32 28 27 27 27 27 27 27 27 27 27 26 26 26 22 22 17 17 17 17 12 12 12 12 12 9 9 12 8 8 9 9 9 6 4 4 4 4 4 4 4 4 4 4 4 4 4 4 4 4 4 4 4 4 4 4 4 4 3 7 4 4 4 4 5 5 5 8 8 8 8 8 8 8 8 8 12 13 13 18 23 23 23 23 23 23 23 23 23 23 27 30 30 30 30 28 33 30 29 29 29 29 29 29 29 29 29 28 28 28 24 24 19 19 19 19 14 14 14 14 14 11 11 14 10 10 15 15 15 10 8 8 8 8

#Number of shift templates
4

#Shift templates
#Abbr, Full name, Start, + Minutes,  -Minutes, Length, +Minutes, -Minutes, available days
F Frühschicht 6:0 120 60 480 60 60 *
T Tagschicht 10:0 60 60 480 60 60 *
S Spätschicht 14:0 60 60 480 60 60 *
N Nachtschicht 22:0 60 60 480 60 60 *

#Duties per week: Lower limit, Upper limit
3 5

# Average number of hours per week
 38.5

# Weights about the criteria
#UnderCover:
1

#Overcover:
1

#DutiesPerWeek:
1000

#Shifts:
15

#Fitness of assumed optimal Solution:
# 195

#Optimal Solution:
#Shift Start Length Duties:
# 1:  5:15    540       5  5  5  5  5  4  4
# 2:  7:15    450       0  3  3  3  3  4  3
# 3:  6:30    510       2  2  2  2  2  1  1
# 4:  9:45    450       0  0  1  0  0  1  1
# 5:  9:30    510       4  4  4  4  4  4  4
# 6:  10:15    495       4  4  4  4  4  5  5
# 7:  10:30    540       2  5  5  5  5  5  5
# 8:  13:0    510       3  3  1  3  3  4  4
# 9:  14:15    525       3  3  3  3  3  2  2
# 10:  13:15    450       4  1  4  3  4  3  3
# 11:  14:30    495       0  0  2  3  0  3  5
# 12:  21:15    495       0  0  0  0  0  3  3
# 13:  22:0    420       5  5  2  5  5  1  5
