#MinuteInterval:
15

#DaysPerCycle:
7

#FlagCyclical: yes or no
yes

#Requirements:
5 5 5 5 5 5 5 5 5 5 5 5 5 5 5 5 5 5 5 5 5 5 5 5 5 1 1 1 1 1 1 1 1 1 1 1 1 3 7 7 7 7 7 12 14 14 14 14 14 14 14 14 14 14 14 14 13 13 13 13 13 13 13 13 13 13 13 13 13 13 13 11 7 7 7 7 0 0 0 0 0 0 0 0 0 0 0 0 7 7 7 7 10 10 10 10 10 10 10 10 10 10 10 10 10 10 10 10 10 10 10 10 10 10 10 10 10 10 8 8 8 1 1 1 1 1 1 1 1 1 1 1 1 3 7 7 7 7 7 8 10 10 10 10 10 10 10 10 10 10 13 13 12 12 12 12 12 12 12 12 12 12 12 12 12 12 12 10 6 6 6 6 3 3 3 3 3 3 3 0 0 0 0 0 8 8 8 8 13 13 13 13 13 13 13 13 13 13 13 13 13 13 13 13 13 13 13 13 13 13 13 13 13 13 10 10 10 1 1 1 1 1 1 1 1 1 1 1 1 3 7 7 7 7 7 12 14 14 14 14 14 14 14 14 14 14 14 14 13 13 13 13 13 13 13 13 13 13 13 13 13 13 13 11 7 7 7 7 0 0 0 0 0 0 0 0 0 0 0 0 8 8 8 8 11 11 11 11 11 11 11 11 11 11 11 11 11 11 11 11 11 11 11 11 11 11 11 11 11 11 8 8 8 1 1 1 1 1 1 1 1 1 1 1 1 3 7 7 7 7 7 12 14 14 14 14 14 14 14 14 14 14 14 14 13 13 13 13 13 13 13 13 13 13 13 13 13 13 13 11 7 7 7 7 0 0 0 0 0 0 0 0 0 0 0 0 8 8 8 8 11 11 11 11 11 11 11 11 11 11 11 11 11 11 11 11 11 11 11 11 11 11 11 11 11 11 8 8 8 1 1 1 1 1 1 1 1 1 1 1 1 3 7 7 7 7 7 12 14 14 14 14 14 14 14 14 14 14 19 19 18 18 18 18 18 18 18 18 18 18 18 18 18 18 18 16 12 12 12 12 5 5 5 5 5 5 5 0 0 0 0 0 8 8 8 8 12 12 12 12 12 12 12 12 12 12 12 12 12 12 12 12 12 12 12 12 12 12 12 12 12 12 9 9 9 1 6 6 6 6 6 6 6 6 6 6 6 11 15 15 15 15 15 20 22 22 22 22 22 22 22 22 22 22 22 22 21 16 16 16 16 16 16 16 16 16 16 16 16 16 16 11 7 7 7 7 0 0 0 0 0 0 0 0 0 0 0 0 2 2 2 2 5 5 5 5 5 5 5 5 5 5 5 5 5 5 5 5 5 5 5 5 5 5 5 5 5 5 5 5 5 1 3 3 3 3 3 3 3 3 3 3 3 8 12 12 12 12 12 17 19 19 19 19 19 19 19 19 19 19 19 19 18 16 16 16 16 16 16 16 16 16 16 16 16 16 16 11 7 7 7 7 0 0 0 0 0 0 0 0 0 0 0 0 2 2 2 2 5 5 5 5

#Number of shift templates
4

#Shift templates
#Abbr, Full name, Start, + Minutes,  -Minutes, Length, +Minutes, -Minutes, available days
F Frühschicht 6:0 120 60 480 60 60 *
T Tagschicht 10:0 60 60 480 60 60 *
S Spätschicht 14:0 60 60 480 60 60 *
N Nachtschicht 22:0 60 60 480 60 60 *

#Duties per week: Lower limit, Upper limit
3 5

# Average number of hours per week
 38.5

# Weights about the criteria
#UnderCover:
1

#Overcover:
1

#DutiesPerWeek:
1000

#Shifts:
15

#Fitness of assumed optimal Solution:
# 150

#Optimal Solution:
#Shift Start Length Duties:
# 1:  5:30    510       1  1  1  1  1  1  1
# 2:  6:30    465       0  0  0  0  0  5  2
# 3:  10:45    495       5  1  5  5  5  5  5
# 4:  11:0    480       2  2  2  2  2  2  2
# 5:  9:30    510       4  4  4  4  4  4  4
# 6:  9:15    510       2  2  2  2  2  5  5
# 7:  14:0    540       0  0  0  0  0  0  0
# 8:  13:30    435       0  3  0  0  5  0  0
# 9:  22:0    495       4  4  4  4  4  1  1
# 10:  22:0    450       3  4  4  4  4  1  1
# 11:  23:0    435       3  5  3  3  4  3  3
