#MinuteInterval:
15

#DaysPerCycle:
7

#FlagCyclical: yes or no
yes

#Requirements:
13 13 13 13 13 13 13 13 13 13 13 13 13 13 13 13 13 13 10 10 6 6 6 6 5 0 0 0 1 1 4 4 5 5 5 5 5 5 6 6 6 6 6 6 11 11 11 11 11 11 11 11 11 11 11 11 11 14 14 11 11 10 10 10 9 9 9 9 9 9 8 8 8 3 3 3 3 3 3 3 3 3 3 3 6 6 8 15 15 15 15 15 15 12 12 12 12 12 12 12 12 12 12 12 12 12 12 12 12 12 12 12 12 12 9 9 7 7 7 7 5 0 0 0 0 0 3 3 4 4 4 4 4 4 5 5 5 5 5 5 10 10 10 10 10 10 10 10 10 10 10 10 10 13 13 10 10 9 9 9 9 9 9 9 9 9 8 8 8 3 3 3 3 3 3 3 3 3 3 3 6 6 8 15 15 15 15 15 15 12 12 12 12 12 12 12 12 12 12 12 12 12 12 12 12 12 12 12 12 12 9 9 7 7 7 7 5 0 0 0 1 1 4 4 5 5 5 5 5 5 6 6 6 6 6 6 11 11 11 11 11 11 11 11 11 11 11 11 11 11 11 8 8 7 7 7 6 6 6 6 6 6 5 5 5 0 0 0 0 0 0 0 0 0 0 0 3 3 5 14 14 14 14 14 14 14 14 14 14 14 14 14 14 14 14 14 14 14 14 14 14 14 14 14 14 14 11 11 9 9 9 9 5 0 0 0 1 1 4 4 5 5 5 5 5 5 6 6 6 6 6 6 8 8 8 8 8 8 8 8 8 8 8 8 8 11 11 8 8 7 7 7 6 6 6 6 6 6 5 5 5 3 3 3 3 3 3 3 3 3 3 3 6 6 11 18 18 18 18 18 18 15 15 15 15 15 15 15 15 15 15 15 15 15 15 15 15 15 15 15 15 15 12 12 7 7 7 7 5 0 0 0 1 1 4 4 5 5 5 5 5 5 6 6 6 6 6 6 11 11 11 11 11 11 11 11 11 11 11 11 11 14 14 11 11 10 10 10 9 9 9 9 9 9 8 8 8 3 3 3 3 3 3 3 3 3 3 3 6 6 8 15 15 15 15 15 15 12 12 12 12 12 12 12 12 12 12 12 12 12 12 12 12 12 12 12 12 12 9 9 7 7 7 7 5 0 0 0 2 2 5 5 6 6 6 6 6 6 7 7 7 7 7 7 7 7 7 7 7 7 7 7 7 7 7 7 7 10 10 7 7 6 6 6 4 4 4 4 4 4 3 3 3 3 3 3 3 3 3 3 3 3 3 3 6 6 10 16 16 16 16 16 16 13 13 13 13 13 13 13 13 13 13 13 13 13 13 13 13 13 13 13 13 13 10 10 6 6 6 6 5 0 0 0 2 2 5 5 8 8 8 8 8 8 9 9 9 9 9 9 9 9 9 9 9 9 9 9 9 9 9 9 9 12 12 9 9 6 6 6 4 4 4 4 4 4 3 3 3 3 3 3 3 3 3 3 3 3 3 3 6 6 10 16 16 16 16 16 16 13 13 13

#Number of shift templates
4

#Shift templates
#Abbr, Full name, Start, + Minutes,  -Minutes, Length, +Minutes, -Minutes, available days
F Frühschicht 6:0 120 60 480 60 60 *
T Tagschicht 10:0 60 60 480 60 60 *
S Spätschicht 14:0 60 60 480 60 60 *
N Nachtschicht 22:0 60 60 480 60 60 *

#Duties per week: Lower limit, Upper limit
3 5

# Average number of hours per week
 38.5

# Weights about the criteria
#UnderCover:
1

#Overcover:
1

#DutiesPerWeek:
1000

#Shifts:
15

#Fitness of assumed optimal Solution:
# 150

#Optimal Solution:
#Shift Start Length Duties:
# 1:  7:30    435       3  3  3  3  3  3  3
# 2:  8:0    435       1  1  1  1  1  1  3
# 3:  7:0    540       1  0  1  1  1  2  2
# 4:  11:0    435       5  5  5  2  5  0  0
# 5:  9:30    480       1  1  1  1  1  1  1
# 6:  14:15    540       3  3  0  3  3  3  3
# 7:  21:45    510       5  5  5  5  5  5  5
# 8:  21:30    450       2  2  2  5  2  4  4
# 9:  21:0    450       3  3  3  3  3  3  3
# 10:  21:45    495       2  2  4  2  2  1  1
