#Derived from random example Random1-2.txt in set 1

MinuteInterval: 5

DaysPerCycle: 7

# cyclical ...
FlagCyclical: yes

No_shift_types: 4


#Break Constraints:
Break_Length: 00:10 01:00
# Break_Length_After_Long_Work_Period: <min_long_break_length> <work duration_requiring_long_break>
Break_Length_After_Long_Work_Period: 00:20 00:50
Break_distance_to_shift_start_and_end: 00:30 00:30
Working_Period_Length: 00:30 01:40
#Lunch Breaks: min shift length requiring lunch, lunch break length, earliest start, latest start
Lunch_Breaks: 06:00 00:30 3:30 05:30


Shift_types:
#Abbr, Full name, Start, + Minutes,  -Minutes, Length, +Minutes, -Minutes
F Earlyshift 06:00 02:00 01:00 08:00 01:00 01:00
T Dayshift 10:00 01:00 01:00 08:00 01:00 01:00
S Lateshift 14:00 01:00 01:00 08:00 01:00 01:00
N Nightshift 22:00 01:00 01:00 08:00 01:00 01:00


#F Earlyshift 06:00 120 60 480 60 60
#T Dayshift 10:00 60 60 480 60 60
#S Lateshift 14:00 60 60 480 60 60
#N Nightshift 22:00 60 60 480 60 60


#Constraint Weights
#CONSTRAINT                     WEIGHT
#------------------------------------------
#BREAK POSITIONS                H
#LUNCH BREAKS                   10 (no of slots of mispacement)
#LENGTH OF WORKING PERIODS      H
#MINIMUM BREAK TIMES            H
#BREAK LENGTHS                  1 (no of slots exceding/below the max/min length)
#NUMBER OF SHIFTS               60
#SHORTAGE                       10
#EXCESS                         2


#Staffing requirements can be expressed in compact way (not one slot at the time)
Staffing_Requirements:
00:00 00:05 2 6 7 8 6 5 2
00:05 00:10 3 6 7 8 7 6 4
00:10 00:15 3 6 7 7 7 6 4
00:15 00:20 2 6 6 7 7 7 4
00:20 00:25 2 6 5 7 5 7 3
00:25 00:30 2 6 5 7 5 6 3
00:30 00:35 3 6 5 7 4 3 3
00:35 00:40 2 4 6 6 5 2 3
00:40 00:45 2 3 4 5 3 3 1
00:45 00:50 1 3 4 5 4 5 1
00:50 00:55 2 4 4 4 4 5 2
00:55 01:00 2 5 5 5 5 4 4
01:00 01:05 3 3 4 5 4 4 4
01:05 01:10 3 4 4 4 4 5 4
01:10 01:15 2 5 4 5 5 6 4
01:15 01:20 2 6 3 6 6 6 3
01:20 01:25 2 4 4 7 5 6 3
01:25 01:30 3 4 3 6 5 4 2
01:30 01:35 2 4 6 6 5 3 2
01:35 01:40 1 7 6 7 6 3 2
01:40 01:45 1 6 7 9 4 6 2
01:45 01:50 2 6 7 9 5 7 3
01:50 01:55 3 6 7 7 5 6 3
01:55 02:05 3 6 5 6 7 6 4
02:05 02:10 3 5 5 8 6 7 4
02:10 02:20 3 6 7 8 6 6 4
02:20 02:25 3 7 7 7 7 6 4
02:25 02:30 3 7 6 7 6 7 4
02:30 02:35 2 7 5 5 6 6 3
02:35 02:40 2 4 4 6 4 6 2
02:40 02:45 1 3 3 5 3 6 2
02:45 02:50 1 3 1 5 2 4 2
02:50 02:55 1 2 1 4 2 2 1
02:55 03:00 0 2 2 5 2 2 1
03:00 03:05 0 1 4 5 3 2 1
03:05 03:10 1 1 5 8 3 3 2
03:10 03:15 1 4 6 8 5 2 3
03:15 03:20 2 6 5 6 5 2 2
03:20 03:25 2 6 6 6 5 5 2
03:25 03:30 2 6 6 6 4 6 3
03:30 03:35 3 6 6 6 5 6 3
03:35 03:40 3 6 4 7 6 6 2
03:40 03:45 2 5 2 5 6 6 2
03:45 03:50 1 4 1 4 5 3 2
03:50 03:55 1 3 3 4 4 3 3
03:55 04:00 2 3 5 5 4 2 2
04:00 04:05 3 4 6 6 5 5 2
04:05 04:10 2 5 7 7 4 5 3
04:10 04:15 2 7 7 8 4 6 4
04:15 04:20 2 7 6 9 4 7 4
04:20 04:25 3 6 5 8 6 6 3
04:25 04:30 3 6 5 8 7 5 2
04:30 04:35 3 6 5 8 7 5 1
04:35 04:40 1 6 4 8 7 5 2
04:40 04:45 1 5 4 6 6 6 2
04:45 04:50 1 4 5 6 5 5 3
04:50 04:55 3 4 7 6 5 6 3
04:55 05:00 3 5 7 8 5 5 4
05:00 05:05 5 7 8 10 6 7 5
05:05 05:10 5 8 8 11 6 7 4
05:10 05:15 5 8 8 10 6 8 4
05:15 05:20 6 7 8 9 7 7 4
05:20 05:25 6 7 6 9 7 6 5
05:25 05:30 6 6 6 10 8 6 5
05:30 05:35 6 5 4 7 5 5 4
05:35 05:40 6 5 6 7 5 6 4
05:40 05:45 4 5 6 7 5 6 4
05:45 05:50 4 5 6 6 6 6 5
05:50 05:55 3 5 5 5 6 5 5
05:55 06:00 5 6 5 5 6 5 5
06:00 06:05 2 2 1 2 2 1 1
06:05 06:20 3 2 2 3 2 2 1
06:20 06:25 3 1 2 3 2 2 1
06:25 06:30 2 1 2 3 2 2 1
06:30 06:35 3 6 6 8 8 4 3
06:35 06:40 2 7 6 8 8 4 3
06:40 06:45 3 7 6 6 8 4 3
06:45 06:50 4 7 7 6 9 3 4
06:50 06:55 5 7 7 6 9 3 4
06:55 07:00 5 7 7 8 9 3 4
07:00 07:05 5 5 6 7 7 3 4
07:05 07:10 3 2 5 4 5 3 4
07:10 07:15 3 1 3 4 4 3 2
07:15 07:20 2 3 2 4 3 4 1
07:20 07:25 4 5 2 5 5 2 0
07:25 07:30 4 6 4 5 5 1 2
07:30 07:35 3 6 6 6 8 1 3
07:35 07:40 3 7 7 8 8 3 4
07:40 07:45 3 7 7 6 9 4 4
07:45 07:50 5 5 7 5 8 4 4
07:50 07:55 5 4 7 4 7 4 4
07:55 08:00 4 3 4 5 6 4 3
08:00 08:05 4 5 3 6 5 2 3
08:05 08:10 4 5 2 6 6 1 3
08:10 08:15 4 6 4 7 4 1 2
08:15 08:20 4 5 5 6 6 3 2
08:20 08:25 4 6 6 7 6 4 2
08:25 08:30 5 6 7 7 9 4 4
08:30 08:35 5 5 7 5 9 4 4
08:35 08:40 4 5 6 3 8 4 3
08:40 08:45 4 5 5 3 8 4 2
08:45 08:50 3 4 2 4 7 3 2
08:50 08:55 2 4 2 4 6 3 2
08:55 09:00 0 3 2 4 4 1 3
09:00 09:05 0 5 4 4 3 0 2
09:05 09:10 1 5 5 8 5 0 1
09:10 09:15 3 5 6 7 5 2 2
09:15 09:20 3 5 6 7 7 3 3
09:20 09:25 4 6 7 7 7 4 4
09:25 09:30 4 7 7 8 8 4 4
09:30 09:40 5 7 7 8 9 4 4
09:40 09:45 5 7 7 8 9 4 3
09:45 09:55 3 7 7 6 9 4 3
09:55 10:00 3 6 7 6 9 3 4
10:00 10:05 5 5 5 7 9 3 4
10:05 10:10 4 5 4 7 9 3 3
10:10 10:15 2 6 2 5 8 4 3
10:15 10:20 2 6 2 5 6 3 3
10:20 10:25 3 3 2 4 5 3 3
10:25 10:30 3 2 2 4 5 3 3
10:30 10:35 3 2 2 4 4 3 3
10:35 10:40 3 3 3 4 3 3 3
10:40 10:45 1 3 3 4 2 2 1
10:45 10:50 3 2 5 3 2 1 1
10:50 10:55 3 2 6 3 3 1 1
10:55 11:00 4 4 6 4 4 1 2
11:00 11:05 4 6 5 6 4 1 2
11:05 11:10 4 6 5 6 5 2 2
11:10 11:15 5 5 4 6 6 2 2
11:15 11:20 5 5 6 6 6 3 4
11:20 11:25 4 5 6 7 8 4 4
11:25 11:30 3 6 5 6 8 3 3
11:30 11:35 3 4 3 5 9 3 3
11:35 11:40 4 3 3 5 7 3 3
11:40 11:45 3 2 5 5 6 3 3
11:45 11:50 3 5 7 4 4 3 3
11:50 11:55 2 6 7 4 5 2 3
11:55 12:00 4 7 6 6 6 3 3
12:00 12:05 4 7 5 8 7 3 2
12:05 12:10 5 6 5 8 7 3 2
12:10 12:15 4 5 3 6 6 3 3
12:15 12:20 3 3 3 6 7 2 3
12:20 12:25 3 4 3 4 7 3 3
12:25 12:30 4 4 6 5 7 3 3
12:30 12:35 5 6 6 5 6 3 4
12:35 12:40 5 5 6 6 6 3 4
12:40 12:45 5 6 6 7 5 3 3
12:45 12:50 5 6 6 7 6 4 2
12:50 12:55 5 7 6 8 7 4 2
12:55 13:00 5 7 6 8 9 4 3
13:00 13:05 10 12 12 13 13 12 12
13:05 13:10 10 11 12 13 13 11 12
13:10 13:15 10 10 9 10 12 11 12
13:15 13:20 10 9 9 10 13 11 12
13:20 13:25 10 10 9 10 12 12 11
13:25 13:30 10 11 12 12 12 12 11
13:30 13:35 8 15 14 9 14 15 13
13:35 13:40 8 14 13 9 13 13 13
13:40 13:45 8 11 12 10 14 11 11
13:45 13:50 10 11 12 15 15 9 12
13:50 13:55 9 10 11 15 14 10 11
13:55 14:00 9 13 12 15 14 12 13
14:00 14:05 8 9 9 13 10 14 13
14:05 14:10 8 9 10 12 10 15 15
14:10 14:15 7 9 8 9 10 13 15
14:15 14:20 7 11 10 7 9 13 15
14:20 14:25 5 11 10 5 11 12 12
14:25 14:30 4 11 11 8 11 12 11
14:30 14:35 3 11 11 10 11 12 10
14:35 14:40 5 11 12 13 9 9 11
14:40 14:45 7 10 11 13 9 9 10
14:45 14:50 8 7 8 13 9 10 13
14:50 14:55 9 8 8 12 11 13 13
14:55 15:00 8 9 8 10 11 14 13
15:00 15:05 6 8 7 4 8 12 9
15:05 15:10 4 9 6 4 7 12 10
15:10 15:15 3 9 7 5 6 12 12
15:15 15:20 4 8 7 6 5 12 14
15:20 15:25 6 4 8 6 7 11 13
15:25 15:30 8 4 8 7 5 8 10
15:30 15:35 8 5 8 7 5 7 8
15:35 15:40 8 7 7 7 4 9 10
15:40 15:45 8 6 6 6 7 12 12
15:45 15:50 7 5 4 7 8 14 14
15:50 15:55 7 7 5 8 8 13 13
15:55 16:00 7 8 7 9 7 12 12
16:00 16:05 8 9 9 9 7 10 13
16:05 16:10 7 9 9 9 8 10 12
16:10 16:15 7 9 9 9 9 12 14
16:15 16:20 8 8 9 8 9 14 14
16:20 16:25 9 8 9 8 9 15 15
16:25 16:30 9 8 9 8 9 14 15
16:30 16:35 8 9 9 7 9 12 13
16:35 16:40 7 9 9 7 7 10 13
16:40 16:45 7 8 8 7 6 11 12
16:45 16:50 7 8 7 6 5 10 11
16:50 16:55 6 7 7 5 5 11 11
16:55 17:00 4 5 5 5 5 10 10
17:00 17:05 4 4 1 5 5 10 9
17:05 17:10 5 4 1 5 5 10 9
17:10 17:15 5 3 1 4 5 9 10
17:15 17:20 3 3 2 4 6 8 11
17:20 17:25 3 2 3 4 6 9 10
17:25 17:30 3 3 3 4 5 8 8
17:30 17:35 5 4 4 4 5 9 9
17:35 17:40 3 5 8 4 4 7 10
17:40 17:45 3 5 7 6 2 6 8
17:45 17:50 4 5 7 6 3 8 7
17:50 17:55 7 5 7 4 3 10 6
17:55 18:00 7 6 7 5 5 8 7
18:00 18:05 8 6 4 7 7 9 8
18:05 18:10 9 7 3 9 7 8 9
18:10 18:15 8 5 3 8 9 8 10
18:15 18:20 6 6 6 6 9 9 15
18:20 18:25 4 7 8 5 6 10 14
18:25 18:30 4 9 8 6 6 10 13
18:30 18:35 4 8 8 6 6 12 13
18:35 18:40 5 6 8 6 7 13 13
18:40 18:45 6 5 7 6 5 13 11
18:45 18:50 8 6 5 7 4 11 9
18:50 18:55 9 7 4 7 5 8 8
18:55 19:00 9 7 6 6 7 9 10
19:00 19:05 6 6 6 5 7 10 11
19:05 19:10 6 6 6 5 8 11 13
19:10 19:15 5 6 6 4 7 11 13
19:15 19:20 7 6 8 6 7 9 13
19:20 19:25 7 7 8 7 5 11 12
19:25 19:30 6 6 8 9 6 10 13
19:30 19:35 5 7 8 8 7 14 11
19:35 19:40 5 6 9 8 8 13 11
19:40 19:45 7 7 9 7 8 13 11
19:45 19:50 9 7 8 8 7 12 14
19:50 19:55 9 7 6 7 8 12 14
19:55 20:00 9 8 6 8 8 13 14
20:00 20:05 9 8 7 8 9 13 14
20:05 20:10 9 9 9 9 9 14 15
20:10 20:15 9 9 9 9 9 13 16
20:15 20:25 9 9 9 9 8 14 16
20:25 20:30 9 9 9 9 8 15 16
20:30 20:35 3 3 3 3 3 5 5
20:35 20:40 3 3 3 3 3 5 3
20:40 20:45 3 3 3 3 3 4 3
20:45 20:50 3 3 3 3 3 4 4
20:50 20:55 3 3 3 3 3 4 6
20:55 21:00 3 3 3 3 3 5 6
21:00 21:10 2 2 4 2 2 2 3
21:10 21:25 2 2 4 2 2 1 3
21:25 21:30 2 2 4 2 2 1 2
21:30 21:35 2 2 4 2 2 1 1
21:35 21:40 2 1 3 1 2 1 0
21:40 21:45 1 1 1 1 1 2 1
21:45 21:50 0 1 1 1 0 2 2
21:50 21:55 0 1 1 1 0 2 3
21:55 22:00 1 1 3 1 1 2 3
22:00 22:05 2 1 3 1 2 2 3
22:05 22:20 2 2 4 2 2 2 3
22:20 22:25 2 2 3 2 2 2 3
22:25 22:30 1 1 3 1 1 2 3
22:30 22:35 2 1 4 2 2 2 3
22:35 22:40 2 1 3 1 2 2 3
22:40 22:45 2 2 2 2 2 2 3
22:45 22:50 2 3 2 2 2 2 3
22:50 22:55 2 3 4 3 2 2 3
22:55 23:00 3 3 5 3 3 2 3
23:00 23:05 7 7 9 7 7 4 3
23:05 23:10 6 6 8 6 7 4 3
23:10 23:15 6 6 7 6 7 4 3
23:15 23:20 5 5 7 6 6 4 3
23:20 23:25 6 6 8 6 4 4 3
23:25 23:30 6 6 9 5 4 4 3
23:30 23:35 7 5 5 5 2 4 2
23:35 23:40 6 5 3 5 4 4 1
23:40 23:45 3 4 3 5 4 3 1
23:45 23:50 3 3 6 3 7 2 2
23:50 23:55 3 3 8 3 6 0 2
23:55 00:00 6 4 8 4 6 1 2
