#MinuteInterval:
15

#DaysPerCycle:
7

#FlagCyclical: yes or no
yes

#Requirements:
22 22 22 22 22 22 22 22 22 22 22 22 22 22 22 22 22 22 22 22 22 17 17 17 12 10 5 5 5 5 5 0 0 0 0 0 0 0 0 7 7 8 8 8 12 12 12 12 12 12 12 12 12 12 12 14 14 14 14 14 14 14 14 14 14 14 14 14 14 14 14 13 6 6 6 2 2 2 2 2 2 2 2 2 2 2 2 9 9 9 9 12 12 12 12 12 12 12 12 12 12 12 12 12 12 12 12 12 12 12 12 12 12 12 12 12 12 7 7 7 7 5 3 3 3 3 3 0 0 0 0 0 0 0 0 3 3 4 4 4 8 8 8 8 8 8 8 8 8 8 8 10 10 10 10 10 10 10 10 10 10 10 10 10 10 10 10 9 3 3 3 2 2 2 2 2 2 2 2 2 2 2 2 9 9 9 9 11 11 11 11 11 11 11 11 11 11 11 11 11 11 11 11 11 11 11 11 11 11 11 11 11 11 6 6 6 6 4 2 2 2 2 2 0 0 0 0 0 0 0 0 6 6 9 9 9 13 13 13 13 13 13 13 13 13 13 13 17 17 17 17 17 17 17 17 17 17 17 17 17 17 17 17 14 7 7 7 4 4 4 4 4 4 4 4 4 4 4 2 9 11 11 11 13 13 13 13 13 13 13 13 13 13 13 13 13 13 13 13 13 13 13 13 13 13 13 13 13 13 8 8 8 6 4 2 2 2 2 2 0 0 0 0 0 0 0 0 4 4 5 5 5 9 9 9 9 9 9 9 9 9 9 9 11 11 11 11 11 11 11 11 11 11 11 11 11 11 11 11 10 3 3 3 2 2 2 2 2 2 2 2 2 2 2 2 9 13 13 13 15 15 15 15 15 15 15 15 15 15 15 15 15 15 15 15 15 15 15 15 15 15 15 15 15 15 10 10 10 6 4 2 2 2 2 2 0 0 0 0 0 0 0 0 4 4 5 5 5 9 9 9 9 9 9 9 9 9 9 9 11 11 11 11 11 11 11 11 11 11 11 11 11 11 11 11 10 3 3 3 2 2 2 2 2 2 2 2 2 2 2 2 9 9 9 9 11 11 11 11 11 11 11 11 11 11 11 11 11 11 11 11 11 11 11 11 11 11 11 11 11 11 6 6 6 6 4 2 2 2 2 2 0 0 0 0 0 0 0 0 6 6 7 7 7 11 11 11 11 11 11 11 11 11 11 11 16 16 16 16 16 16 16 16 16 16 16 16 16 16 16 16 15 8 8 8 5 5 5 5 5 5 5 5 5 5 5 5 12 17 17 17 17 17 17 17 17 17 17 17 17 17 17 17 17 17 17 17 17 17 17 17 17 17 17 17 17 17 12 12 12 7 5 0 0 0 0 0 0 0 0 0 0 0 0 0 6 6 7 7 7 12 12 12 12 12 12 12 12 12 12 12 17 17 17 17 17 17 17 17 17 17 17 17 17 17 17 17 16 8 8 8 5 5 5 5 5 5 5 5 5 5 5 5 12 17 17 17 22 22 22 22 22

#Number of shift templates
4

#Shift templates
#Abbr, Full name, Start, + Minutes,  -Minutes, Length, +Minutes, -Minutes, available days
F Frühschicht 6:0 120 60 480 60 60 *
T Tagschicht 10:0 60 60 480 60 60 *
S Spätschicht 14:0 60 60 480 60 60 *
N Nachtschicht 22:0 60 60 480 60 60 *

#Duties per week: Lower limit, Upper limit
3 5

# Average number of hours per week
 38.5

# Weights about the criteria
#UnderCover:
1

#Overcover:
1

#DutiesPerWeek:
1000

#Shifts:
15

#Fitness of assumed optimal Solution:
# 150

#Optimal Solution:
#Shift Start Length Duties:
# 1:  9:45    495       3  2  3  3  3  3  3
# 2:  10:15    450       1  1  3  1  1  1  1
# 3:  9:0    510       0  0  0  0  0  0  0
# 4:  9:45    540       4  1  3  1  1  3  3
# 5:  11:0    420       4  4  4  4  4  4  5
# 6:  13:45    465       2  2  4  2  2  5  5
# 7:  22:45    540       3  2  2  2  2  0  5
# 8:  21:45    510       2  2  2  2  2  2  2
# 9:  22:0    480       0  0  2  4  0  5  5
# 10:  21:45    450       5  5  5  5  5  5  5
# 11:  21:30    540       2  2  2  2  2  5  5
