#MinuteInterval:
15

#DaysPerCycle:
7

#FlagCyclical: yes or no
yes

#Requirements:
2 2 2 2 2 2 2 2 2 2 2 2 2 2 2 2 2 2 2 2 2 2 6 4 4 4 9 9 9 9 9 14 17 17 17 17 22 23 28 28 28 28 28 28 28 28 28 28 28 28 28 28 28 30 26 21 21 25 30 30 30 30 25 22 22 22 22 17 17 17 12 11 11 11 11 11 11 11 11 11 11 11 11 11 15 15 13 13 13 13 8 5 4 4 4 4 4 4 4 4 4 4 4 4 4 4 4 4 4 4 4 4 4 4 4 4 4 4 4 0 0 0 5 5 5 5 5 10 13 13 13 13 18 20 25 25 25 25 25 25 25 25 25 25 25 25 25 25 25 27 27 22 22 26 31 31 31 31 26 23 23 23 23 18 18 18 13 11 11 11 11 11 11 11 11 11 11 11 11 11 15 15 13 13 13 13 8 5 4 4 4 4 4 4 4 4 4 4 4 4 4 4 4 4 4 4 4 4 4 4 4 4 4 4 5 1 1 1 5 5 5 5 5 10 13 13 13 13 18 20 25 25 25 25 25 25 25 25 25 25 25 25 25 25 25 27 26 22 22 26 31 31 31 31 26 23 23 23 23 18 18 18 13 11 11 11 11 11 11 11 11 11 11 11 11 11 15 15 13 13 13 13 8 5 4 4 4 4 4 4 4 4 4 4 4 4 4 4 4 4 4 4 4 4 4 4 4 4 4 4 5 1 1 1 3 3 3 3 3 8 11 11 11 11 16 18 23 23 23 23 23 23 23 23 23 23 23 23 23 23 23 25 24 23 23 27 32 32 32 32 27 24 24 24 24 19 19 19 14 12 12 12 12 12 12 12 12 12 12 12 12 12 15 15 13 13 13 13 8 5 4 4 4 4 4 4 4 4 4 4 4 4 4 4 4 4 4 4 4 4 4 4 4 4 4 4 5 1 1 1 6 6 6 6 6 11 14 14 14 14 17 19 21 21 21 21 21 21 21 21 21 21 21 21 21 21 21 23 22 17 17 21 25 25 25 25 20 17 17 17 17 15 15 15 12 10 10 10 10 10 10 10 10 10 10 10 10 10 14 14 12 12 12 12 8 5 4 4 4 4 4 4 4 4 4 4 4 4 4 4 4 4 4 4 4 4 4 4 4 4 4 4 6 2 2 2 3 3 3 3 3 8 12 12 12 12 12 14 19 19 19 19 19 19 19 19 19 19 19 19 19 19 19 20 18 17 17 17 19 19 19 19 14 10 10 10 10 5 5 5 5 3 3 3 3 3 3 3 3 3 3 3 3 3 5 5 4 4 4 4 2 2 2 2 2 2 2 2 2 2 2 2 2 2 2 2 2 2 2 2 2 2 2 2 2 2 2 2 3 1 1 1 3 3 3 3 3 8 12 12 12 12 12 14 19 19 19 19 19 19 19 19 19 19 19 19 19 19 19 21 20 18 18 18 22 22 22 22 17 13 13 13 13 8 8 8 8 6 6 6 6 6 6 6 6 6 6 6 6 6 8 8 6 6 6 6 2 2 2 2 2 2

#Number of shift templates
4

#Shift templates
#Abbr, Full name, Start, + Minutes,  -Minutes, Length, +Minutes, -Minutes, available days
F Frühschicht 6:0 120 60 480 60 60 *
T Tagschicht 10:0 60 60 480 60 60 *
S Spätschicht 14:0 60 60 480 60 60 *
N Nachtschicht 22:0 60 60 480 60 60 *

#Duties per week: Lower limit, Upper limit
3 5

# Average number of hours per week
 38.5

# Weights about the criteria
#UnderCover:
1

#Overcover:
1

#DutiesPerWeek:
1000

#Shifts:
15

#Fitness of assumed optimal Solution:
# 195

#Optimal Solution:
#Shift Start Length Duties:
# 1:  5:30    480       4  0  1  1  1  2  1
# 2:  7:45    465       5  5  5  5  5  5  5
# 3:  6:30    435       5  5  4  2  5  1  2
# 4:  8:0    465       3  3  3  3  3  4  4
# 5:  9:30    435       5  5  5  5  2  5  5
# 6:  9:15    510       1  2  2  2  2  2  2
# 7:  9:0    510       5  5  5  5  3  0  0
# 8:  13:15    495       2  2  2  2  2  1  2
# 9:  14:15    510       3  3  3  3  3  0  0
# 10:  14:15    525       1  1  1  1  1  0  0
# 11:  14:30    480       5  5  5  5  4  2  4
# 12:  13:45    435       0  0  0  1  0  0  0
# 13:  21:0    525       4  4  4  4  4  2  2
