#MinuteInterval:
15

#DaysPerCycle:
7

#FlagCyclical: yes or no
yes

#Requirements:
10 10 10 10 10 10 10 10 10 10 10 10 10 10 10 10 10 10 10 10 10 8 8 4 4 2 2 1 6 6 6 6 6 6 6 6 6 6 9 12 12 12 12 12 12 12 12 12 12 12 12 12 12 20 20 20 19 19 22 17 17 17 17 17 17 17 17 17 14 14 14 14 14 14 11 11 11 11 11 11 11 11 11 11 8 8 9 11 6 5 6 6 6 6 6 6 6 6 6 6 6 6 6 6 6 6 6 6 6 6 6 6 6 6 6 6 6 4 4 1 1 1 1 5 10 10 10 10 10 10 10 10 10 10 13 16 16 16 16 16 16 16 16 16 16 16 16 16 16 24 24 24 19 19 22 17 17 17 17 17 17 17 17 17 14 14 14 14 14 14 11 11 11 11 11 11 11 11 11 11 8 8 9 11 6 5 6 6 6 6 6 6 6 6 6 6 6 6 6 6 6 6 6 6 6 6 6 6 6 6 6 6 6 4 4 1 1 1 1 5 10 10 10 10 10 10 10 10 10 10 13 16 16 16 16 16 16 16 16 16 16 16 16 16 16 24 24 24 19 19 22 17 17 17 17 17 17 17 17 17 14 14 14 14 14 14 11 11 11 11 11 11 11 11 11 11 8 8 9 11 6 5 6 6 6 6 6 6 6 6 6 6 6 6 6 6 6 6 6 6 6 6 6 6 6 6 6 6 6 4 4 1 1 1 1 1 6 6 6 6 6 6 6 6 6 6 9 12 12 12 12 12 12 12 12 12 12 12 12 12 12 16 16 16 15 15 18 13 13 13 13 13 13 13 13 13 10 10 10 10 10 10 7 7 7 7 7 7 7 7 7 7 5 5 6 8 6 5 6 6 6 6 6 6 6 6 6 6 6 6 6 6 6 6 6 6 6 6 6 6 6 6 6 6 6 4 4 1 1 1 1 2 7 7 7 7 7 7 7 7 7 7 10 13 13 13 13 13 13 13 13 13 13 13 13 13 13 21 21 21 19 19 22 17 17 17 17 17 17 17 17 17 14 14 14 14 14 14 11 11 11 11 11 11 11 11 11 11 8 8 9 11 6 5 6 6 6 6 6 6 6 6 6 6 6 6 6 6 6 6 6 6 6 6 6 6 6 6 6 6 6 4 4 1 1 1 1 1 2 2 2 2 2 2 2 2 2 2 5 8 8 8 8 8 8 8 8 8 8 8 8 8 8 13 13 13 12 12 17 16 16 16 16 16 16 16 16 16 13 13 13 13 13 13 10 10 10 10 10 10 10 10 10 10 10 10 12 14 9 6 7 7 7 7 7 7 7 7 7 7 7 7 7 7 7 7 7 7 7 7 7 7 7 7 7 7 7 5 5 3 3 1 1 1 2 2 2 2 2 2 2 2 2 2 5 8 8 8 8 8 8 8 8 8 8 8 8 8 8 13 13 13 12 12 14 13 13 13 13 13 13 13 13 13 10 10 10 10 10 10 7 7 7 7 7 7 7 7 7 7 7 7 11 13 8 8 10 10 10 10 10 10

#Number of shift templates
4

#Shift templates
#Abbr, Full name, Start, + Minutes,  -Minutes, Length, +Minutes, -Minutes, available days
F Frühschicht 6:0 120 60 480 60 60 *
T Tagschicht 10:0 60 60 480 60 60 *
S Spätschicht 14:0 60 60 480 60 60 *
N Nachtschicht 22:0 60 60 480 60 60 *

#Duties per week: Lower limit, Upper limit
3 5

# Average number of hours per week
 38.5

# Weights about the criteria
#UnderCover:
1

#Overcover:
1

#DutiesPerWeek:
1000

#Shifts:
15

#Fitness of assumed optimal Solution:
# 180

#Optimal Solution:
#Shift Start Length Duties:
# 1:  6:45    435       1  5  5  1  2  1  1
# 2:  7:0    465       5  5  5  5  5  1  1
# 3:  9:30    450       3  3  3  3  3  3  3
# 4:  9:45    525       3  3  3  3  3  3  3
# 5:  14:30    465       3  3  3  3  3  5  2
# 6:  13:15    465       3  3  3  2  3  0  0
# 7:  13:15    525       5  5  5  2  5  5  5
# 8:  22:30    495       1  1  1  1  1  1  2
# 9:  22:15    420       2  2  2  2  2  2  2
# 10:  21:30    525       0  0  0  0  0  2  2
# 11:  21:45    480       2  2  2  2  2  2  2
# 12:  21:30    495       1  1  1  1  1  0  2
