#MinuteInterval:
15

#DaysPerCycle:
7

#FlagCyclical: yes or no
yes

#Requirements:
0 0 0 0 0 0 0 0 0 0 0 0 0 0 0 0 0 0 0 0 0 0 0 5 5 5 5 10 10 10 10 10 10 10 10 10 10 10 10 10 14 19 19 19 19 19 19 19 19 19 19 19 19 19 19 14 14 14 17 17 17 17 17 12 12 12 12 12 12 12 12 12 7 7 7 3 3 3 3 3 3 3 3 3 3 3 3 3 3 3 3 3 0 0 0 0 0 0 0 0 0 0 0 0 0 0 0 0 0 0 0 0 0 0 0 0 0 0 0 5 5 5 5 10 10 10 10 10 10 10 10 10 10 10 10 10 14 19 19 19 19 19 19 19 19 19 19 19 19 19 19 14 14 14 17 17 17 17 17 12 12 12 12 12 12 12 12 12 7 7 7 3 3 3 3 3 3 3 3 3 3 3 3 3 3 3 3 3 0 0 0 0 0 0 0 0 0 0 0 0 0 0 0 0 0 0 0 0 0 0 0 0 0 0 0 5 5 5 5 10 10 10 10 10 10 10 10 10 10 10 10 10 14 19 19 19 19 19 19 19 19 19 19 19 19 19 19 14 14 14 17 17 17 17 17 12 12 12 12 12 12 12 12 12 7 7 7 3 3 3 3 3 3 3 3 3 3 3 3 3 3 3 3 3 0 0 0 0 0 0 0 0 0 0 0 0 0 0 0 0 0 0 0 0 0 0 0 0 0 0 0 5 5 5 5 10 10 10 10 10 10 10 10 10 10 10 10 10 15 20 20 20 20 20 20 20 20 20 20 20 20 20 20 15 15 15 18 18 18 18 18 13 13 13 13 13 13 13 13 13 8 8 8 3 3 3 3 3 3 3 3 3 3 3 3 3 3 3 3 3 0 0 0 0 0 0 0 0 0 0 0 0 0 0 0 0 0 0 0 0 0 0 0 0 0 0 0 1 1 1 1 6 6 6 6 6 6 6 6 6 6 6 6 6 10 15 15 15 15 15 15 15 15 15 15 15 15 15 15 14 14 14 17 17 17 17 17 12 12 12 12 12 12 12 12 12 7 7 7 3 3 3 3 3 3 3 3 3 3 3 3 3 3 3 3 3 0 0 0 0 0 0 0 0 0 0 0 0 0 0 0 0 0 0 0 0 0 0 0 0 0 0 0 5 5 5 5 9 9 9 9 9 9 9 9 9 9 9 9 9 13 18 18 18 18 18 18 18 18 18 18 18 18 18 18 13 13 13 13 13 13 13 13 9 9 9 9 9 9 9 9 9 4 4 4 0 0 0 0 0 0 0 0 0 0 0 0 0 0 0 0 0 0 0 0 0 0 0 0 0 0 0 0 0 0 0 0 0 0 0 0 0 0 0 0 0 0 0 0 5 5 5 5 9 9 9 9 9 9 9 9 9 9 9 9 9 13 18 18 18 18 18 18 18 18 18 18 18 18 18 18 13 13 13 16 16 16 16 16 12 12 12 12 12 12 12 12 12 7 7 7 3 3 3 3 3 3 3 3 3 3 3 3 3 3 3 3 3 0 0 0 0

#Number of shift templates
4

#Shift templates
#Abbr, Full name, Start, + Minutes,  -Minutes, Length, +Minutes, -Minutes, available days
F Frühschicht 6:0 120 60 480 60 60 *
T Tagschicht 10:0 60 60 480 60 60 *
S Spätschicht 14:0 60 60 480 60 60 *
N Nachtschicht 22:0 60 60 480 60 60 *

#Duties per week: Lower limit, Upper limit
3 5

# Average number of hours per week
 38.5

# Weights about the criteria
#UnderCover:
1

#Overcover:
1

#DutiesPerWeek:
1000

#Shifts:
15

#Fitness of assumed optimal Solution:
# 75

#Optimal Solution:
#Shift Start Length Duties:
# 1:  5:45    480       5  5  5  5  1  5  5
# 2:  6:45    540       5  5  5  5  5  4  4
# 3:  10:0    525       4  4  4  5  4  4  4
# 4:  10:15    465       5  5  5  5  5  5  5
# 5:  14:30    510       3  3  3  3  3  0  3
